0 0.842593 0.770841 0.842014 0.771189 0.840856 0.771189 0.840278 0.771538 0.838542 0.771538 0.837963 0.771887 0.836806 0.771887 0.836227 0.772236 0.834491 0.772236 0.833912 0.772585 0.832755 0.772585 0.832755 0.772933 0.833333 0.773282 0.833333 0.773980 0.833912 0.774329 0.833912 0.775026 0.834491 0.775375 0.834491 0.775724 0.835069 0.776073 0.835069 0.776770 0.835648 0.777119 0.835648 0.777817 0.836227 0.778165 0.836227 0.778863 0.836806 0.779212 0.836806 0.779561 0.837384 0.779212 0.841435 0.779212 0.842014 0.778863 0.846644 0.778863 0.846644 0.778514 0.846065 0.778165 0.846065 0.777468 0.845486 0.777119 0.845486 0.776073 0.844907 0.775724 0.844907 0.775026 0.844329 0.774677 0.844329 0.773980 0.843750 0.773631 0.843750 0.772585 0.843171 0.772236 0.843171 0.771538 0.842593 0.771189
0 0.949074 0.652947 0.949074 0.653296 0.947917 0.653994 0.976273 0.670038 0.976852 0.667946 0.977431 0.667597 0.977431 0.666550 0.978009 0.666202 0.978009 0.665155 0.978588 0.664806 0.979745 0.664806 0.982060 0.666202 0.982639 0.666202 0.984954 0.667597 0.987847 0.668643 0.990162 0.670038 0.990741 0.670038 0.997685 0.673526 0.998843 0.665504 0.981481 0.660272 0.955440 0.648413 0.951968 0.650855 0.951968 0.651203
0 0.965278 0.646669 0.967014 0.647715 0.967593 0.647715 0.972222 0.650506 0.972801 0.650506 0.977431 0.653296 0.978009 0.653296 0.982639 0.656087 0.983218 0.656087 0.987847 0.658877 0.988426 0.658877 0.993056 0.661667 0.993634 0.661667 0.995949 0.663062 0.995949 0.662365 0.996528 0.662016 0.996528 0.660621 0.997106 0.660272 0.997106 0.659226 0.997685 0.658877 0.997685 0.658179 0.996528 0.657482 0.995949 0.657482 0.993634 0.656087 0.993056 0.656087 0.990162 0.654343 0.989583 0.654343 0.987269 0.652947 0.986690 0.652947 0.983796 0.651203 0.983218 0.651203 0.980903 0.649808 0.980324 0.649808 0.977431 0.648064 0.976852 0.648064 0.974537 0.646669 0.973958 0.646669 0.972222 0.645623 0.971644 0.645971 0.969907 0.645971 0.969329 0.646320 0.967593 0.646320 0.967014 0.646669
0 0.923611 0.638647 0.923611 0.638995 0.924190 0.639344 0.924190 0.640391 0.924769 0.640739 0.924769 0.641437 0.925347 0.641786 0.925347 0.642483 0.925926 0.642832 0.925926 0.643879 0.926505 0.644227 0.926505 0.644925 0.927083 0.645274 0.927083 0.646320 0.927662 0.646669 0.927662 0.647367 0.928241 0.647715 0.928241 0.648762 0.928819 0.649111 0.928819 0.649808 0.929398 0.650157 0.929398 0.650506 0.929977 0.650855 0.929977 0.651203 0.930556 0.651552 0.930556 0.651901 0.931134 0.652250 0.931134 0.652599 0.931713 0.652947 0.931713 0.653296 0.932292 0.653645 0.932292 0.653994 0.932870 0.654343 0.932870 0.654691 0.934606 0.655738 0.934606 0.656087 0.936343 0.657133 0.936343 0.657482 0.936921 0.657830 0.936921 0.657482 0.937500 0.657133 0.937500 0.656784 0.938079 0.656435 0.938079 0.656087 0.938657 0.655738 0.938657 0.655389 0.939815 0.654343 0.939815 0.653645 0.939236 0.653296 0.939236 0.651901 0.938657 0.651552 0.938657 0.650506 0.938079 0.650157 0.938079 0.648762 0.937500 0.648413 0.937500 0.647018 0.936921 0.646669 0.936921 0.645623 0.936343 0.645274 0.936343 0.644925 0.935764 0.644576 0.935764 0.644227 0.935185 0.643879 0.935185 0.643530 0.934606 0.643181 0.934606 0.642832 0.934028 0.642483 0.934028 0.642135 0.933449 0.641786 0.933449 0.641437 0.932870 0.641088 0.932870 0.640739 0.932292 0.640391 0.932292 0.640042 0.931713 0.639693 0.931713 0.639344 0.931134 0.638995 0.931134 0.638647 0.930556 0.638298 0.930556 0.637949 0.929977 0.638298 0.927083 0.638298 0.926505 0.638647
0 0.812500 0.588420 0.812500 0.588769 0.813079 0.589118 0.813079 0.590164 0.813657 0.590513 0.813657 0.591559 0.814236 0.591908 0.814236 0.592954 0.814815 0.593303 0.814815 0.594349 0.815394 0.594698 0.815394 0.595396 0.816551 0.596442 0.816551 0.597140 0.817130 0.597489 0.817130 0.598186 0.818287 0.599233 0.818287 0.599930 0.818866 0.600279 0.818866 0.600977 0.820023 0.602023 0.820023 0.602721 0.820602 0.603069 0.820602 0.603767 0.821759 0.604813 0.821759 0.605511 0.822338 0.605860 0.822338 0.606557 0.823495 0.607604 0.823495 0.608301 0.824074 0.608650 0.824074 0.609348 0.825231 0.610394 0.825231 0.611092 0.825810 0.611441 0.825810 0.612138 0.826389 0.612487 0.826968 0.613533 0.829282 0.611789 0.829282 0.611092 0.828704 0.610743 0.828704 0.609348 0.828125 0.608999 0.828125 0.607953 0.827546 0.607604 0.827546 0.606209 0.826968 0.605860 0.826968 0.604465 0.826389 0.604116 0.826389 0.602721 0.825810 0.602372 0.825810 0.601325 0.825231 0.600977 0.825231 0.599581 0.824653 0.599233 0.824653 0.597837 0.824074 0.597489 0.824074 0.596093 0.823495 0.595745 0.823495 0.594698 0.822917 0.594349 0.822917 0.592954 0.822338 0.592606 0.822338 0.591908 0.821759 0.591908 0.820602 0.591210 0.820023 0.591210 0.819444 0.590862 0.817708 0.590513 0.816551 0.589815 0.814815 0.589466 0.813657 0.588769 0.813079 0.588769
0 0.766204 0.580049 0.766782 0.582839 0.767361 0.583188 0.767361 0.584932 0.768519 0.587025 0.768519 0.588769 0.769676 0.590862 0.770255 0.594698 0.771412 0.596791 0.771412 0.598535 0.772569 0.600628 0.773148 0.604465 0.774306 0.606557 0.774306 0.608301 0.775463 0.610394 0.776042 0.614231 0.776620 0.614580 0.776042 0.622253 0.779514 0.626090 0.779514 0.626788 0.782407 0.630276 0.787616 0.629229 0.787616 0.628532 0.786458 0.626788 0.786458 0.625392 0.785301 0.623648 0.785301 0.622253 0.784144 0.620509 0.784144 0.619114 0.782986 0.617370 0.782986 0.615975 0.781829 0.614231 0.781829 0.612836 0.780671 0.611092 0.780671 0.609697 0.779514 0.607953 0.779514 0.606557 0.778356 0.604813 0.778356 0.603418 0.777199 0.601674 0.777199 0.600279 0.776042 0.598535 0.776042 0.597140 0.774884 0.595396 0.774884 0.594001 0.773727 0.592257 0.773727 0.590862 0.772569 0.589118 0.772569 0.587722 0.771412 0.585978 0.770255 0.582142
0 0.749421 0.544472 0.746528 0.546216 0.745949 0.546216 0.744213 0.547262 0.745370 0.547960 0.745949 0.547960 0.748264 0.549355 0.748843 0.549355 0.751157 0.550750 0.751736 0.550750 0.753472 0.551796 0.753472 0.553540 0.754051 0.553889 0.754051 0.554935 0.753472 0.555284 0.752894 0.555284 0.749421 0.553540 0.748843 0.553540 0.747685 0.552843 0.747106 0.552843 0.745370 0.551796 0.744792 0.551796 0.741898 0.550401 0.739583 0.552843 0.740162 0.553191 0.740162 0.553540 0.740741 0.553889 0.740741 0.554238 0.741319 0.554587 0.742477 0.556331 0.743634 0.557028 0.743634 0.557377 0.744213 0.557726 0.744213 0.558075 0.747106 0.561214 0.747685 0.560865 0.763310 0.560865 0.762731 0.560516 0.762731 0.560167 0.762153 0.559819 0.762153 0.559470 0.759259 0.556331 0.759259 0.553889 0.759838 0.553540 0.759838 0.551448
0 0.201389 0.365888 0.212963 0.387164 0.215278 0.386467 0.217014 0.386467 0.217014 0.385769 0.216435 0.385420 0.216435 0.384374 0.215856 0.384025 0.215856 0.382630 0.215278 0.382281 0.215278 0.381584 0.217014 0.380886 0.218171 0.380886 0.219907 0.380188 0.222801 0.380188 0.223380 0.380537 0.225116 0.380537 0.225694 0.380886 0.235532 0.376352 0.229167 0.374608 0.228009 0.373910 0.227431 0.372864 0.226273 0.372166 0.224537 0.370073 0.219329 0.373212 0.218750 0.373212 0.217593 0.372515 0.215856 0.372166 0.213542 0.371120 0.212384 0.372515 0.212384 0.373212 0.211227 0.374259 0.210648 0.373910 0.210648 0.373212 0.210069 0.372864 0.210069 0.372166 0.209491 0.371817 0.209491 0.371120 0.208912 0.370771 0.208912 0.370073 0.208333 0.369724 0.208333 0.369027 0.207755 0.368678 0.207755 0.367980 0.207176 0.367632 0.207176 0.366934 0.206597 0.366236 0.201968 0.366236
0 0.706597 0.310429 0.710648 0.327171 0.729167 0.355424 0.721644 0.358563 0.723380 0.364841 0.700231 0.373910 0.703125 0.379142 0.690972 0.384374 0.696181 0.431113 0.716435 0.472619 0.713542 0.475061 0.718750 0.477154 0.764468 0.535054 0.754630 0.536100 0.757523 0.539937 0.773148 0.546913 0.821181 0.587025 0.865162 0.616672 0.945023 0.640042 0.991319 0.641437 0.994792 0.640042 0.967593 0.633415 0.975116 0.618068 0.980324 0.616324 0.981481 0.593303 0.976852 0.591908 0.973380 0.576561 0.851273 0.453436 0.846065 0.452040 0.797454 0.398326 0.785301 0.393094 0.787616 0.389257 0.782407 0.378444 0.774306 0.374608 0.762731 0.356819 0.739005 0.341821
0 0.101273 0.229508 0.101273 0.234740 0.100694 0.235089 0.097801 0.235089 0.097222 0.235438 0.094329 0.235438 0.094329 0.235787 0.093750 0.236135 0.093750 0.236484 0.093171 0.236833 0.093171 0.237531 0.092593 0.237879 0.092593 0.238577 0.092014 0.238926 0.092014 0.239275 0.091435 0.239623 0.091435 0.239972 0.096644 0.239972 0.097222 0.240321 0.098380 0.240321 0.098958 0.240670 0.100116 0.240670 0.100694 0.241018 0.101273 0.241018 0.101852 0.241367 0.103009 0.241367 0.103588 0.241716 0.104745 0.241716 0.105324 0.242065 0.106481 0.242065 0.107060 0.242414 0.107639 0.242414 0.108218 0.242762 0.109375 0.242762 0.109954 0.243111 0.109954 0.242762 0.110532 0.242414 0.110532 0.241367 0.111111 0.241018 0.111111 0.240321 0.111690 0.239972 0.111690 0.238926 0.112269 0.238577 0.112269 0.237879 0.112847 0.237531 0.112847 0.236833 0.113426 0.236484 0.113426 0.235438 0.114005 0.235089 0.114005 0.234740 0.113426 0.234391 0.112847 0.234391 0.111690 0.233694 0.111111 0.233694 0.109954 0.232996 0.109375 0.232996 0.108218 0.232299 0.107639 0.232299 0.106481 0.231601 0.105903 0.231601 0.104745 0.230903 0.104167 0.230903 0.103009 0.230206 0.102431 0.230206
