0 0.836227 0.463972 0.835648 0.464323 0.835069 0.464323 0.834491 0.464675 0.833912 0.464675 0.833333 0.465026 0.832755 0.465026 0.831597 0.465729 0.831019 0.465729 0.829861 0.466432 0.827546 0.466432 0.826389 0.465729 0.825231 0.465729 0.824653 0.465378 0.824074 0.465378 0.823495 0.465026 0.822338 0.465026 0.821759 0.464675 0.820602 0.465378 0.820023 0.465378 0.820023 0.466081 0.819444 0.466432 0.819444 0.466784 0.818866 0.467135 0.818866 0.467487 0.818287 0.467838 0.818287 0.471002 0.817708 0.471353 0.817708 0.472408 0.818866 0.473111 0.818866 0.474868 0.821181 0.474868 0.821759 0.475220 0.823495 0.475220 0.825231 0.476274 0.825810 0.475923 0.826389 0.475923 0.826389 0.475571 0.825810 0.475220 0.825810 0.474868 0.826389 0.474517 0.831019 0.474517 0.831597 0.474868 0.832176 0.474517 0.835648 0.474517 0.835648 0.469244 0.836227 0.468893
0 0.822917 0.410193 0.822338 0.410545 0.818866 0.410545 0.818287 0.410896 0.815394 0.410896 0.814815 0.411248 0.811343 0.411248 0.809606 0.412302 0.809606 0.413005 0.809028 0.413357 0.809028 0.414060 0.809606 0.414411 0.809606 0.415114 0.810185 0.415114 0.810764 0.415466 0.811343 0.415114 0.811343 0.414763 0.812500 0.414060 0.813079 0.414411 0.813079 0.414763 0.813657 0.415114 0.813657 0.415466 0.814236 0.415817 0.814236 0.416169 0.814815 0.416520 0.814815 0.416872 0.815972 0.417575 0.815972 0.417926 0.816551 0.417575 0.818287 0.417575 0.818866 0.417223 0.820602 0.417223 0.821181 0.416872 0.824074 0.416872 0.824653 0.417223 0.824074 0.416872 0.824074 0.416520 0.823495 0.416169 0.823495 0.415817 0.822917 0.415466 0.822917 0.415114 0.821759 0.414411 0.821759 0.414060 0.821181 0.413708 0.821181 0.413357 0.820602 0.413005 0.820602 0.412654 0.820023 0.412302 0.820602 0.411951 0.822917 0.411951
0 0.793981 0.412654 0.793403 0.412302 0.793403 0.411951 0.792824 0.411599 0.792824 0.411248 0.792245 0.410896 0.792245 0.410545 0.791667 0.410193 0.791667 0.409842 0.791088 0.409490 0.791088 0.409139 0.789352 0.409842 0.788194 0.409842 0.787616 0.410193 0.787037 0.410193 0.785301 0.410896 0.784144 0.410896 0.783565 0.411248 0.782986 0.411248 0.782407 0.411599 0.781250 0.411599 0.780671 0.411951 0.775463 0.411951 0.771991 0.413357 0.767361 0.413357 0.766782 0.413708 0.761574 0.413708 0.761574 0.414060 0.762153 0.414411 0.762153 0.415114 0.762731 0.415466 0.762731 0.416169 0.763310 0.416520 0.763310 0.416872 0.763889 0.416520 0.765625 0.416520 0.766204 0.416169 0.768519 0.416169 0.769097 0.415817 0.770833 0.415817 0.771412 0.415466 0.773148 0.415466 0.774884 0.414763 0.776620 0.414763 0.777199 0.415114 0.777778 0.415114 0.778356 0.415466 0.779514 0.415466 0.780093 0.415817 0.780671 0.415466 0.782407 0.415466 0.782986 0.415114 0.785880 0.415114 0.787037 0.415817 0.787616 0.415817 0.788194 0.416169
0 0.222801 0.390861 0.204282 0.391213 0.200810 0.395431 0.191551 0.402109 0.181713 0.402812 0.185764 0.407381 0.164931 0.417926 0.103009 0.442179 0.108796 0.448858 0.115741 0.445343 0.119213 0.449209 0.148148 0.439367 0.162616 0.432689 0.172454 0.431634 0.187500 0.424605 0.198495 0.427065 0.195602 0.434446 0.223958 0.443585 0.233796 0.448858 0.234954 0.433392 0.232639 0.427065 0.223958 0.425659 0.224537 0.431634 0.210069 0.428471 0.220486 0.421090 0.208912 0.415114 0.188657 0.413357 0.212963 0.395079 0.219907 0.394376
0 0.314815 0.365554 0.309606 0.366608 0.307870 0.369772 0.303819 0.373638 0.293981 0.373638 0.289931 0.374692 0.284722 0.377504 0.278356 0.382425 0.279514 0.386643 0.273148 0.387698 0.272569 0.392970 0.271412 0.394025 0.269676 0.392619 0.265046 0.391916 0.263310 0.394025 0.256366 0.412654 0.259259 0.416169 0.259838 0.420035 0.271412 0.420035 0.282407 0.422847 0.287037 0.425659 0.299769 0.427065 0.298611 0.424605 0.299190 0.423902 0.315972 0.424956 0.318287 0.420387 0.317130 0.416520 0.326389 0.413005 0.333333 0.413005 0.332176 0.410896 0.328125 0.409842 0.328125 0.406327 0.329282 0.404218 0.323495 0.402812 0.322338 0.398594 0.324653 0.396134 0.321759 0.392619 0.319444 0.390861 0.315394 0.390510 0.307292 0.383480 0.311921 0.381371 0.315394 0.377153 0.314815 0.373286 0.315972 0.368014
0 0.779514 0.299121 0.778935 0.299121 0.777199 0.298418 0.776620 0.298770 0.776620 0.299121 0.774884 0.300176 0.774884 0.300527 0.773727 0.301230 0.772569 0.301230 0.771991 0.301582 0.771412 0.301582 0.770833 0.301933 0.769676 0.301933 0.769097 0.302285 0.764468 0.302285 0.763889 0.302636 0.763310 0.302636 0.762731 0.302988 0.762153 0.302988 0.761574 0.303339 0.760995 0.303339 0.760417 0.303691 0.759838 0.303691 0.759838 0.304394 0.759259 0.304745 0.759259 0.305448 0.760417 0.306503 0.760417 0.309666 0.760995 0.310018 0.760995 0.310369 0.761574 0.310721 0.761574 0.311072 0.762153 0.310721 0.762153 0.310369 0.762731 0.310018 0.762731 0.309666 0.763310 0.309315 0.763310 0.308963 0.766782 0.306854 0.767361 0.306854 0.768519 0.307909 0.768519 0.309315 0.769097 0.309666 0.769097 0.310721 0.769676 0.310369 0.771412 0.310369 0.771991 0.310018 0.773727 0.310018 0.773148 0.309666 0.773148 0.309315 0.771412 0.308260 0.771412 0.307909 0.770833 0.307557 0.770833 0.307206 0.769676 0.306151 0.769676 0.305097 0.770833 0.304042 0.771412 0.304042 0.772569 0.303339 0.773148 0.303339 0.774306 0.302636 0.776620 0.302636 0.777199 0.302988 0.777199 0.302636 0.777778 0.302285 0.777778 0.301933 0.778935 0.301230 0.779514 0.301230 0.780093 0.300879 0.780093 0.300176 0.779514 0.299824
0 0.998843 0.293146 0.784722 0.328998 0.734375 0.339895 0.719329 0.339895 0.717593 0.342707 0.711806 0.342707 0.711806 0.344112 0.689236 0.351494 0.683449 0.371529 0.688657 0.418981 0.728009 0.406678 0.787037 0.394025 0.853588 0.386292 0.999421 0.362390
0 0.987847 0.293497 0.986111 0.291740 0.985532 0.292091 0.983218 0.292091 0.982639 0.292443 0.980903 0.292443 0.980324 0.292794 0.978009 0.292794 0.977431 0.293146 0.975694 0.293146 0.975116 0.293497 0.972801 0.293497 0.972222 0.293849 0.970486 0.293849 0.969907 0.294200 0.967593 0.294200 0.967014 0.294552 0.965856 0.294552 0.965278 0.294903 0.964120 0.294903 0.963542 0.295255 0.962384 0.295255 0.961806 0.295606 0.960648 0.295606 0.960069 0.295958 0.958912 0.295958 0.958333 0.296309 0.957176 0.296309 0.955440 0.297012 0.954282 0.297012 0.953704 0.297364 0.952546 0.297364 0.951968 0.297715 0.950810 0.297715 0.950231 0.298067 0.949074 0.298067 0.948495 0.298418 0.947338 0.298418 0.946759 0.298770 0.945602 0.298770 0.942130 0.301230 0.942708 0.300879 0.944444 0.300879 0.945023 0.300527 0.946181 0.300527 0.946759 0.300176 0.948495 0.300176 0.949074 0.299824 0.950231 0.299824 0.950810 0.299473 0.952546 0.299473 0.953125 0.299121 0.954861 0.299121 0.955440 0.298770 0.956597 0.298770 0.957176 0.298418 0.958912 0.298418 0.959491 0.298067 0.960648 0.298067 0.961227 0.297715 0.962963 0.297715 0.963542 0.297364 0.964699 0.297364 0.965278 0.297012 0.967014 0.297012 0.967593 0.296661 0.969329 0.296661 0.969907 0.296309 0.971065 0.296309 0.971644 0.295958 0.973380 0.295958 0.973958 0.295606 0.975116 0.295606 0.975694 0.295255 0.977431 0.295255 0.978009 0.294903 0.979745 0.294903 0.980324 0.294552 0.981481 0.294552 0.982060 0.294200 0.983796 0.294200 0.984375 0.293849 0.985532 0.293849 0.986111 0.293497
0 0.840278 0.283656 0.838542 0.283656 0.837963 0.283304 0.836806 0.283304 0.836227 0.282953 0.834491 0.282953 0.833912 0.282601 0.833333 0.282601 0.832755 0.282250 0.832176 0.282250 0.831597 0.281898 0.831597 0.279789 0.829861 0.279789 0.829861 0.280844 0.829282 0.281195 0.828704 0.281195 0.828125 0.280844 0.827546 0.281195 0.826968 0.281195 0.826389 0.281547 0.826389 0.281898 0.825231 0.282601 0.821181 0.282601 0.820602 0.282953 0.820602 0.283304 0.819444 0.284007 0.817130 0.284007 0.817130 0.285413 0.816551 0.285764 0.815972 0.285764 0.814815 0.286819 0.815394 0.286819 0.815972 0.287170 0.817130 0.287170 0.817708 0.287522 0.817708 0.288928 0.816551 0.289631 0.815972 0.289631 0.815972 0.289982 0.816551 0.290334 0.816551 0.290685 0.815394 0.291388 0.815394 0.292443 0.815972 0.292794 0.815972 0.293146 0.816551 0.293497 0.818866 0.293497 0.820023 0.294552 0.820023 0.294200 0.820602 0.293849 0.820602 0.293497 0.821181 0.293146 0.821181 0.292794 0.821759 0.292443 0.821759 0.292091 0.822338 0.291740 0.822338 0.291388 0.823495 0.290685 0.823495 0.290334 0.825231 0.289279 0.828125 0.289279 0.828704 0.289631 0.828704 0.288576 0.829861 0.287873 0.830440 0.287873 0.831597 0.287170 0.832176 0.287170 0.833333 0.286467 0.833912 0.286467 0.835648 0.285764 0.836806 0.285764
0 0.723958 0.267135 0.681134 0.269244 0.628472 0.276274 0.587963 0.278735 0.579861 0.273814 0.550347 0.273814 0.551505 0.275923 0.561921 0.276626 0.563657 0.281195 0.520255 0.287170 0.517940 0.290334 0.517940 0.328295 0.520255 0.349033 0.511574 0.351845 0.512153 0.355360 0.521991 0.355712 0.526620 0.354306 0.543981 0.353603 0.638310 0.338489 0.646412 0.338489 0.645833 0.336028 0.657986 0.333568 0.664352 0.334271 0.690972 0.329701 0.711227 0.323374 0.715856 0.320562 0.725116 0.320914
