0 0.887731 0.642394 0.887731 0.643475 0.887153 0.643836 0.887153 0.645638 0.887731 0.645999 0.887731 0.647080 0.888310 0.647441 0.888310 0.648522 0.888889 0.648882 0.888889 0.649603 0.890625 0.650685 0.890625 0.651045 0.892361 0.652127 0.892940 0.652127 0.894097 0.652848 0.894676 0.652848 0.895255 0.653208 0.895833 0.652848 0.899306 0.652848 0.899884 0.652487 0.899884 0.652127 0.900463 0.651766 0.900463 0.651406 0.901620 0.650685 0.901620 0.650324 0.902199 0.649964 0.902199 0.649603 0.902778 0.649243 0.902778 0.648882 0.903356 0.648522 0.903356 0.647801 0.903935 0.647441 0.903935 0.646359 0.903356 0.645999 0.903356 0.644917 0.902778 0.644557 0.902778 0.643836 0.901620 0.643836 0.901042 0.643475 0.900463 0.643475 0.899884 0.643115 0.898727 0.643115 0.898148 0.642754 0.897569 0.642754 0.896991 0.642394 0.895833 0.642394 0.895255 0.642033 0.894676 0.642033 0.894097 0.641673 0.892361 0.641673 0.891782 0.641312 0.891204 0.641673 0.890625 0.641673 0.890046 0.642033 0.888889 0.642033 0.888310 0.642394
0 0.972222 0.636265 0.971065 0.636986 0.970486 0.636986 0.969329 0.637707 0.968750 0.637707 0.968171 0.638068 0.968171 0.639870 0.967593 0.640231 0.967593 0.641673 0.968171 0.641673 0.969329 0.642394 0.969907 0.642394 0.971065 0.643115 0.971644 0.642754 0.972222 0.642754 0.972801 0.642394 0.973958 0.642394 0.973958 0.640231 0.973380 0.639870 0.973380 0.638789 0.972801 0.638428 0.972801 0.637347 0.972222 0.636986
0 0.800926 0.526676 0.800347 0.527037 0.798611 0.527037 0.798611 0.527397 0.798032 0.527758 0.798032 0.528118 0.798611 0.528118 0.800347 0.529200 0.800347 0.529560 0.799190 0.530281 0.799190 0.530642 0.798611 0.531002 0.798611 0.533165 0.800347 0.533165 0.800926 0.533526 0.802083 0.533526 0.803241 0.532805 0.803819 0.532805 0.803819 0.532444 0.804398 0.532084 0.804398 0.531723 0.804977 0.531363 0.804977 0.529200 0.804398 0.528839 0.804398 0.528479 0.803819 0.528118 0.803819 0.527758 0.803241 0.527758 0.802083 0.527037 0.801505 0.527037
0 0.510417 0.487383 0.512731 0.559481 0.539931 0.565609 0.634838 0.580029 0.651042 0.581110 0.648148 0.584715 0.649884 0.586518 0.686343 0.585436 0.729745 0.591565 0.731481 0.535328 0.727431 0.529200 0.682870 0.518745 0.627315 0.509373 0.564236 0.496035
0 0.325231 0.418890 0.324653 0.419250 0.320602 0.419611 0.306134 0.424297 0.304977 0.424297 0.302083 0.425379 0.299769 0.425739 0.295139 0.428983 0.293403 0.432228 0.293403 0.433670 0.292824 0.434030 0.292824 0.436193 0.292245 0.436554 0.292245 0.444845 0.292824 0.445205 0.292824 0.448089 0.295139 0.451334 0.300926 0.454218 0.314815 0.457823 0.319444 0.457823 0.320023 0.458183 0.320602 0.452415 0.321181 0.452055 0.321759 0.449171 0.322338 0.448810 0.322917 0.444845 0.326389 0.437996 0.328125 0.436193 0.331597 0.434030 0.338542 0.431507 0.339699 0.427902 0.340278 0.427541 0.340278 0.422134 0.332176 0.422134 0.330440 0.421413 0.329282 0.421413
0 0.684028 0.418169 0.684028 0.421774 0.701389 0.427181 0.694444 0.451334 0.703125 0.454939 0.714699 0.456020 0.714699 0.462509 0.707176 0.476568 0.690972 0.472603 0.688079 0.474766 0.693866 0.481615 0.739005 0.500721 0.773727 0.510815 0.862847 0.528479 0.960648 0.545061 0.999421 0.554434 0.999421 0.479452 0.884838 0.456381 0.868056 0.454939 0.846644 0.449171 0.787037 0.439798 0.734375 0.426460 0.687500 0.417448
0 0.908565 0.415285 0.907986 0.415285 0.906829 0.414564 0.899884 0.414564 0.899306 0.414203 0.896991 0.414203 0.896412 0.413843 0.895833 0.414203 0.894676 0.414203 0.892361 0.414924 0.887153 0.415285 0.881366 0.417087 0.880208 0.417087 0.877894 0.417808 0.876736 0.418529 0.875000 0.418890 0.874421 0.420692 0.875000 0.421053 0.875000 0.421774 0.876157 0.422495 0.879630 0.423576 0.880787 0.423576 0.882523 0.424297 0.884259 0.424297 0.884838 0.424658 0.887731 0.424658 0.888889 0.423937 0.896991 0.423937 0.901042 0.425379 0.904514 0.425379 0.905093 0.425739 0.904514 0.425018 0.904514 0.423216 0.903935 0.423216 0.902778 0.422495 0.900463 0.422495 0.899884 0.422134 0.893519 0.422134 0.888889 0.420332 0.887153 0.421053 0.885417 0.421053 0.884838 0.420692 0.890046 0.418169 0.891204 0.418169 0.892940 0.417448 0.894097 0.417448 0.894676 0.417087 0.903935 0.417087 0.904514 0.416727 0.907986 0.416727 0.907986 0.416006
0 0.772569 0.413482 0.772569 0.413843 0.771991 0.414203 0.771991 0.414564 0.771412 0.414924 0.771412 0.415285 0.770833 0.415645 0.770833 0.416006 0.770255 0.416366 0.770255 0.417448 0.770833 0.417808 0.770833 0.418890 0.771991 0.419611 0.771991 0.419971 0.772569 0.420332 0.772569 0.423937 0.771991 0.424297 0.771991 0.425379 0.773148 0.425379 0.773727 0.425739 0.773727 0.423937 0.774306 0.423576 0.774306 0.421774 0.774884 0.421413 0.774884 0.420692 0.775463 0.420332 0.775463 0.419971 0.776620 0.419250 0.776620 0.418890 0.777199 0.418529 0.777199 0.417808 0.777778 0.417448 0.777778 0.416727 0.777199 0.416366 0.777199 0.416006 0.776042 0.415285 0.776042 0.414924 0.774884 0.414203 0.774884 0.413843 0.774306 0.413482
0 0.173032 0.399784 0.173032 0.406273 0.175926 0.407714 0.179977 0.407714 0.189236 0.408796 0.189815 0.408435 0.199653 0.408435 0.204861 0.409517 0.217593 0.410959 0.231481 0.414203 0.250579 0.420332 0.253472 0.420332 0.257523 0.421053 0.258102 0.420692 0.263310 0.420692 0.264468 0.413843 0.265046 0.413482 0.265046 0.408075 0.257523 0.405552 0.249421 0.405191 0.236111 0.403389 0.233218 0.403389 0.212963 0.400865 0.200231 0.398702 0.182870 0.397981 0.182292 0.397621 0.176505 0.398342
0 0.884259 0.383922 0.884259 0.384283 0.884838 0.384643 0.884838 0.385004 0.885417 0.385364 0.885417 0.385725 0.889468 0.385725 0.890046 0.386085 0.894097 0.386085 0.894676 0.386446 0.898148 0.386446 0.898727 0.386806 0.902199 0.386806 0.902778 0.387167 0.904514 0.387167 0.905093 0.387527 0.906250 0.387527 0.906829 0.387888 0.912037 0.387888 0.912616 0.388248 0.913194 0.387888 0.913773 0.387888 0.914352 0.387527 0.914931 0.387527 0.916667 0.386806 0.917824 0.386806 0.918981 0.386085 0.919560 0.386085 0.920718 0.385364 0.921296 0.385364 0.921296 0.385004 0.920718 0.384643 0.920718 0.384283 0.916088 0.384283 0.915509 0.383922 0.914352 0.383922 0.913773 0.383562 0.909722 0.383562 0.909144 0.383201 0.904514 0.383201 0.903935 0.383562 0.890046 0.383562 0.889468 0.383201 0.884838 0.383201 0.884838 0.383562
0 0.780093 0.333093 0.780093 0.334174 0.782407 0.335616 0.782986 0.335616 0.783565 0.335977 0.784722 0.335977 0.785301 0.336337 0.785880 0.336337 0.787037 0.337058 0.787616 0.337058 0.788773 0.337779 0.789352 0.337779 0.792245 0.339582 0.792824 0.339582 0.796296 0.341745 0.796875 0.341745 0.798611 0.342826 0.799190 0.342826 0.800347 0.343547 0.800926 0.343547 0.801505 0.343908 0.802083 0.343908 0.802662 0.344268 0.803241 0.344268 0.803819 0.344629 0.804398 0.344629 0.804977 0.344989 0.805556 0.344989 0.806713 0.345710 0.807292 0.345710 0.808449 0.346431 0.810764 0.346431 0.811343 0.346071 0.812500 0.346071 0.812500 0.344268 0.811343 0.343547 0.811343 0.343187 0.810185 0.342466 0.809606 0.342466 0.807870 0.341384 0.807292 0.341384 0.806134 0.340663 0.805556 0.340663 0.804398 0.339942 0.803819 0.339942 0.802662 0.339221 0.802083 0.339221 0.800926 0.338500 0.800347 0.338500 0.799190 0.337779 0.798611 0.337779 0.797454 0.337058 0.797454 0.335256 0.796875 0.334895 0.796875 0.334535 0.795718 0.333814 0.793981 0.333814 0.793403 0.333453 0.791667 0.333453 0.791088 0.333093 0.787616 0.333093 0.786458 0.333814 0.785301 0.333814 0.783565 0.333093
0 0.105903 0.316150 0.105324 0.316510 0.105324 0.316871 0.104745 0.317231 0.104745 0.319034 0.104167 0.319394 0.104167 0.320836 0.103588 0.321197 0.103588 0.321557 0.102431 0.322278 0.102431 0.322639 0.101273 0.323360 0.100694 0.323360 0.099537 0.324081 0.098958 0.324081 0.097222 0.325162 0.096644 0.325162 0.096065 0.325523 0.096065 0.326244 0.095486 0.326604 0.095486 0.327325 0.096065 0.327686 0.096065 0.328046 0.097222 0.328767 0.097222 0.329128 0.098958 0.330209 0.099537 0.330209 0.102431 0.332012 0.103009 0.332012 0.104745 0.333093 0.107639 0.331291 0.107639 0.330930 0.107060 0.330570 0.107060 0.330209 0.106481 0.329849 0.106481 0.329488 0.105903 0.329128 0.105903 0.328407 0.105324 0.328046 0.105324 0.326965 0.104745 0.326604 0.104745 0.325883 0.105324 0.325523 0.105324 0.325162 0.105903 0.324802 0.105903 0.324441 0.106481 0.324081 0.106481 0.323720 0.107060 0.323360 0.107060 0.322999 0.107639 0.322639 0.107639 0.320115 0.107060 0.319755 0.107060 0.317592 0.106481 0.317231 0.106481 0.316871 0.105903 0.316510
0 0.728588 0.294881 0.735532 0.299928 0.735532 0.300288 0.736690 0.301009 0.737269 0.302091 0.739005 0.303533 0.737269 0.306056 0.736111 0.306777 0.736111 0.307138 0.734954 0.307859 0.732639 0.310382 0.732639 0.313987 0.734375 0.316150 0.739583 0.319034 0.745370 0.317231 0.747685 0.317231 0.750000 0.315429 0.750000 0.315068 0.755208 0.312185 0.758102 0.313627 0.758681 0.313627 0.763310 0.316871 0.766204 0.316871 0.766782 0.317231 0.769676 0.315789 0.768519 0.314348 0.766782 0.313266 0.766204 0.313266 0.762153 0.310743 0.761574 0.310743 0.752315 0.305335 0.751736 0.305335 0.748843 0.303533 0.748264 0.303533 0.745949 0.302091 0.745370 0.302091 0.743634 0.301009 0.743634 0.300649 0.737269 0.295602 0.736690 0.295602 0.732060 0.293439 0.730903 0.294160
0 0.773727 0.288753 0.776042 0.291276 0.787616 0.294521 0.798032 0.299207 0.805556 0.299567 0.809028 0.300649 0.811343 0.302451 0.812500 0.305696 0.819444 0.310382 0.832176 0.312906 0.847801 0.314708 0.853588 0.313987 0.853588 0.311824 0.851852 0.310743 0.849537 0.311103 0.847222 0.310022 0.841435 0.303893 0.845486 0.298486 0.837963 0.299207 0.835069 0.298125 0.827546 0.290916 0.824074 0.288753 0.820602 0.285508 0.817130 0.283706 0.807870 0.281182 0.803819 0.281543 0.804977 0.283345 0.815394 0.287671 0.815972 0.293800 0.814236 0.296323 0.806713 0.296323 0.802662 0.295602 0.785301 0.290195 0.778356 0.288753
