0 0.932292 0.748029 0.934606 0.755197 0.938079 0.753763 0.939236 0.753763 0.944444 0.755556 0.945602 0.755556 0.956597 0.759140 0.957755 0.759140 0.969907 0.763082 0.971065 0.763082 0.978009 0.765233 0.977431 0.764875 0.977431 0.763441 0.976852 0.763082 0.976852 0.760932 0.975694 0.760932 0.973958 0.760215 0.972801 0.760215 0.971065 0.759498 0.969907 0.759498 0.968171 0.758781 0.967014 0.758781 0.965278 0.758065 0.964120 0.758065 0.962384 0.757348 0.961227 0.757348 0.959491 0.756631 0.958333 0.756631 0.956597 0.755914 0.955440 0.755914 0.953704 0.755197 0.952546 0.755197 0.950810 0.754480 0.949653 0.754480 0.947917 0.753763 0.946759 0.753763 0.945023 0.753047 0.943866 0.753047 0.942130 0.752330 0.942130 0.747670 0.941551 0.748029
0 0.832755 0.721147 0.838542 0.723656 0.841435 0.723656 0.843171 0.725448 0.847801 0.725806 0.848380 0.726523 0.847222 0.727957 0.850116 0.730466 0.849537 0.733692 0.855903 0.735842 0.862847 0.739785 0.872106 0.743011 0.874421 0.744444 0.875579 0.746595 0.879051 0.746595 0.888310 0.749462 0.890625 0.749462 0.892361 0.751254 0.894676 0.749821 0.902199 0.750538 0.906250 0.752330 0.909144 0.752330 0.911458 0.754122 0.914931 0.754480 0.914931 0.753047 0.920139 0.753763 0.921875 0.752330 0.912037 0.751254 0.890625 0.746953 0.884259 0.746237 0.877894 0.742294 0.875579 0.739427 0.876157 0.735842 0.878472 0.734767 0.880208 0.734767 0.882523 0.735842 0.883681 0.735125 0.890625 0.735842 0.891782 0.737276 0.894676 0.736559 0.902199 0.736559 0.907407 0.738351 0.907986 0.735842 0.893519 0.733333 0.891782 0.732258 0.887731 0.732616 0.880208 0.730824 0.877315 0.729032 0.876736 0.727240 0.872106 0.724373 0.868056 0.723297 0.853009 0.722581 0.850116 0.721147 0.845486 0.721147 0.836227 0.718638
0 0.872685 0.686022 0.872685 0.686738 0.872106 0.687097 0.872106 0.688530 0.871528 0.688889 0.871528 0.689606 0.872106 0.689964 0.872685 0.691039 0.873264 0.690681 0.875000 0.690323 0.876157 0.689606 0.876736 0.689606 0.877315 0.689247 0.878472 0.689247 0.879051 0.689606 0.879630 0.689606 0.882523 0.691398 0.886574 0.692473 0.887731 0.693190 0.888310 0.693190 0.889468 0.693907 0.890046 0.693907 0.894676 0.696057 0.896412 0.696416 0.898727 0.697849 0.901042 0.697849 0.901620 0.698208 0.902199 0.697849 0.906829 0.697849 0.907407 0.698208 0.909722 0.698208 0.910301 0.698566 0.913194 0.698566 0.913773 0.698925 0.913773 0.697491 0.914352 0.697133 0.914352 0.694265 0.914931 0.693907 0.914931 0.692473 0.913194 0.692473 0.912616 0.692115 0.911458 0.692115 0.910880 0.691756 0.909722 0.691756 0.909144 0.691398 0.905093 0.691398 0.901620 0.689964 0.901042 0.690323 0.898148 0.690323 0.895833 0.689247 0.895255 0.689247 0.894097 0.688530 0.893519 0.688530 0.890625 0.687455 0.887731 0.687455 0.885995 0.686022 0.884259 0.686022 0.883681 0.685663 0.881944 0.685663 0.881366 0.685305 0.876157 0.687097 0.875579 0.687097 0.874421 0.686022
0 0.768519 0.656272 0.768519 0.656631 0.772569 0.656631 0.773148 0.656272 0.781829 0.656272 0.782407 0.655914 0.787616 0.655914 0.788194 0.656272 0.788773 0.655914 0.791667 0.655914 0.792245 0.656272 0.792824 0.656272 0.793403 0.656631 0.793981 0.656631 0.795139 0.657348 0.795718 0.657348 0.796296 0.657706 0.797454 0.656631 0.796875 0.656272 0.796875 0.655914 0.795139 0.654839 0.794560 0.654839 0.793403 0.654122 0.792824 0.654480 0.792245 0.654122 0.792245 0.653763 0.791667 0.653405 0.791667 0.652330 0.789931 0.652330 0.789931 0.653405 0.788773 0.654480 0.786458 0.654480 0.785880 0.654122 0.783565 0.654122 0.782986 0.653763 0.782986 0.650179 0.781829 0.650179 0.781250 0.649821 0.781250 0.650179 0.780671 0.650538 0.780671 0.651254 0.780093 0.651613 0.780093 0.651971 0.779514 0.652330 0.777778 0.652330 0.776042 0.653405 0.776042 0.654480 0.775463 0.654839 0.769676 0.654839 0.769676 0.655197
0 0.751736 0.631900 0.751736 0.633333 0.751157 0.633692 0.751157 0.634767 0.752894 0.635842 0.752894 0.636201 0.754630 0.637276 0.754630 0.637634 0.755787 0.638351 0.755787 0.638710 0.756944 0.639427 0.756944 0.639785 0.758102 0.640502 0.758102 0.640860 0.759838 0.641935 0.759838 0.642294 0.760417 0.642652 0.760995 0.642294 0.760995 0.641935 0.762153 0.641219 0.761574 0.640860 0.761574 0.640502 0.759838 0.639427 0.759838 0.639068 0.758681 0.638351 0.758681 0.637993 0.757523 0.637276 0.757523 0.636918 0.755787 0.635842 0.755787 0.635484 0.755208 0.635125 0.755208 0.632258 0.752315 0.632258
0 0.892940 0.615054 0.892940 0.615771 0.892361 0.616129 0.892361 0.616487 0.894676 0.617563 0.895255 0.617563 0.900463 0.619355 0.901620 0.619355 0.902199 0.619713 0.907407 0.621147 0.908565 0.621864 0.918981 0.624731 0.920139 0.625448 0.920718 0.625448 0.921296 0.625806 0.923032 0.626165 0.924190 0.626882 0.924769 0.626882 0.925347 0.627240 0.925347 0.627957 0.925926 0.628315 0.925926 0.629391 0.927083 0.629391 0.927662 0.629749 0.927662 0.629032 0.928819 0.627957 0.929398 0.628315 0.934606 0.629749 0.935764 0.630466 0.937500 0.630824 0.938657 0.631541 0.939236 0.629032 0.938657 0.629032 0.934606 0.627599 0.933449 0.627599 0.931713 0.626882 0.930556 0.626882 0.929977 0.626523 0.928241 0.626165 0.927083 0.625448 0.924190 0.624731 0.923032 0.624014 0.914352 0.621505 0.913194 0.620789 0.911458 0.620430 0.910301 0.619713 0.909722 0.619713 0.907986 0.618996 0.906829 0.618996 0.906250 0.618638 0.905671 0.618638 0.904514 0.617921 0.903935 0.617921 0.902778 0.617204 0.902199 0.617204 0.897569 0.614695 0.896991 0.615054
0 0.802083 0.614695 0.801505 0.614337 0.800926 0.614337 0.799769 0.613620 0.795139 0.613620 0.794560 0.613262 0.793981 0.613620 0.792245 0.613620 0.792245 0.613978 0.791667 0.614337 0.791667 0.615412 0.791088 0.615771 0.791088 0.616487 0.790509 0.616846 0.790509 0.617921 0.789931 0.618280 0.789931 0.619713 0.789352 0.620072 0.789352 0.620789 0.788773 0.621147 0.788194 0.621147 0.787616 0.621505 0.786458 0.621505 0.785880 0.621864 0.779514 0.621864 0.777778 0.622939 0.777199 0.622939 0.776620 0.623297 0.773148 0.623297 0.773727 0.623656 0.773727 0.624014 0.775463 0.625090 0.775463 0.625448 0.776620 0.626165 0.776620 0.626523 0.777199 0.626882 0.777778 0.626523 0.782986 0.626523 0.783565 0.626882 0.785301 0.625806 0.788773 0.625806 0.789352 0.625448 0.790509 0.625448 0.791088 0.625090 0.792245 0.625090 0.792824 0.624731 0.794560 0.624731 0.795139 0.624373 0.796296 0.624373 0.796875 0.624014 0.799769 0.624014 0.799769 0.622581 0.800347 0.622222 0.800347 0.620072 0.800926 0.619713 0.800926 0.617921 0.801505 0.617563 0.801505 0.615771 0.802083 0.615412
0 0.087384 0.554122 0.083912 0.554122 0.082755 0.554839 0.082176 0.554839 0.079282 0.556272 0.075231 0.556272 0.074653 0.556631 0.073495 0.556631 0.071759 0.557348 0.070602 0.557348 0.065972 0.560215 0.063079 0.560215 0.062500 0.560573 0.061343 0.560573 0.060764 0.560932 0.059028 0.560932 0.057870 0.561649 0.057292 0.561649 0.056713 0.562007 0.057292 0.562366 0.057292 0.562724 0.057870 0.563082 0.057870 0.563441 0.058449 0.563799 0.058449 0.564158 0.059028 0.564516 0.059606 0.565591 0.060185 0.565950 0.061921 0.566308 0.063079 0.567025 0.063657 0.567025 0.065394 0.567742 0.068866 0.567742 0.069444 0.568100 0.075231 0.568100 0.075810 0.568459 0.076389 0.568100 0.077546 0.568100 0.078125 0.567742 0.079282 0.567742 0.079861 0.567384 0.081019 0.567384 0.081597 0.567025 0.082176 0.565950 0.083333 0.565233 0.083333 0.564875 0.083912 0.564516 0.083912 0.564158 0.085069 0.563082 0.085069 0.562366 0.086227 0.561290 0.086227 0.560573 0.086806 0.560215 0.086806 0.559857 0.087384 0.559498 0.087384 0.559140 0.088542 0.558065 0.088542 0.556989 0.087963 0.556631 0.087963 0.555197 0.087384 0.554839
0 0.182292 0.534050 0.188079 0.534050 0.195602 0.541935 0.197917 0.540502 0.200231 0.541219 0.204861 0.544803 0.205440 0.546953 0.209491 0.549104 0.211806 0.551613 0.223958 0.555556 0.232060 0.559140 0.252315 0.565233 0.259838 0.569176 0.262731 0.569176 0.263310 0.569534 0.264468 0.567742 0.259259 0.558781 0.253472 0.558781 0.244213 0.556989 0.230324 0.552688 0.219907 0.547312 0.207176 0.539068 0.199653 0.537634 0.195023 0.533333 0.188079 0.532258
0 0.924769 0.515771 0.924190 0.516129 0.914931 0.516129 0.914352 0.515771 0.911458 0.515771 0.910880 0.515412 0.910301 0.515771 0.907986 0.515771 0.907407 0.516129 0.905093 0.516129 0.903935 0.516846 0.903356 0.516846 0.902199 0.517563 0.901620 0.517563 0.901042 0.517921 0.900463 0.517921 0.898727 0.517204 0.897569 0.517204 0.893519 0.515771 0.892940 0.516129 0.888889 0.516129 0.888310 0.516487 0.887153 0.516487 0.886574 0.516846 0.885417 0.516846 0.884838 0.517204 0.883681 0.517204 0.883102 0.517563 0.881944 0.517563 0.881366 0.517921 0.880208 0.517921 0.883681 0.520430 0.884259 0.520072 0.888889 0.520072 0.889468 0.519713 0.894676 0.519713 0.895255 0.520072 0.895833 0.520072 0.896991 0.520789 0.897569 0.520789 0.898727 0.521505 0.905093 0.521505 0.907986 0.520072 0.908565 0.520072 0.909144 0.519713 0.910880 0.519713 0.911458 0.520072 0.912616 0.520072 0.915509 0.521147 0.920718 0.521147 0.921296 0.521505 0.921875 0.521147 0.922454 0.520072 0.923611 0.519355 0.923611 0.518996 0.924190 0.518638 0.924190 0.517204 0.924769 0.516846
0 0.798611 0.510394 0.799769 0.512186 0.802662 0.512186 0.803241 0.512545 0.806134 0.512545 0.806713 0.512903 0.809606 0.512903 0.810185 0.513262 0.813079 0.513262 0.813657 0.513620 0.816551 0.513620 0.817130 0.513978 0.820023 0.513978 0.820602 0.514337 0.823495 0.514337 0.824074 0.514695 0.826968 0.514695 0.827546 0.515054 0.830440 0.515054 0.831019 0.515412 0.833912 0.515412 0.834491 0.515771 0.837384 0.515771 0.837963 0.516129 0.840856 0.516129 0.841435 0.516487 0.844329 0.516487 0.844907 0.516846 0.847801 0.516846 0.848380 0.517204 0.851273 0.517204 0.851852 0.517563 0.854745 0.517563 0.855324 0.517921 0.858218 0.517921 0.858796 0.518280 0.861690 0.518280 0.862269 0.518638 0.865741 0.518638 0.865741 0.515054 0.866898 0.513262 0.866898 0.512545 0.864583 0.512545 0.864005 0.512186 0.863426 0.514337 0.862847 0.514695 0.862847 0.515771 0.861690 0.516487 0.859375 0.516487 0.858796 0.516129 0.855324 0.516129 0.854745 0.515771 0.847801 0.515412 0.847222 0.515054 0.844329 0.515054 0.843750 0.514695 0.840278 0.514695 0.839699 0.514337 0.836806 0.514337 0.836227 0.513978 0.832755 0.513978 0.832176 0.513620 0.829282 0.513620 0.828704 0.513262 0.825231 0.513262 0.824653 0.512903 0.821759 0.512903 0.821181 0.512545 0.817708 0.512545 0.817130 0.512186 0.814236 0.512186 0.813657 0.511828 0.810185 0.511828 0.809606 0.511470 0.806713 0.511470 0.806134 0.511111 0.802662 0.511111 0.802083 0.510753 0.799190 0.510753
0 0.864005 0.500000 0.860532 0.500000 0.859954 0.499642 0.859375 0.500000 0.858796 0.500000 0.858218 0.500358 0.857060 0.500358 0.857060 0.501434 0.857639 0.501792 0.857639 0.502867 0.857060 0.503226 0.857060 0.503584 0.852431 0.506452 0.852431 0.506810 0.851852 0.507168 0.851852 0.507527 0.853009 0.507527 0.853588 0.507885 0.854745 0.507885 0.855324 0.508244 0.856481 0.508244 0.857060 0.508602 0.861111 0.508602 0.862269 0.507885 0.864005 0.507885 0.864005 0.507168 0.864583 0.506810 0.864583 0.505376 0.865162 0.505018 0.865162 0.504301 0.865741 0.503943 0.865741 0.503584 0.866319 0.503226 0.865741 0.502867 0.865741 0.502509 0.865162 0.502151 0.865162 0.501434 0.864583 0.501075 0.864583 0.500717 0.864005 0.500358
0 0.702546 0.494982 0.683449 0.556272 0.687500 0.563799 0.722222 0.576344 0.758681 0.584229 0.763889 0.587455 0.776620 0.587455 0.787037 0.590323 0.864005 0.600358 0.872685 0.603584 0.909144 0.605735 0.909722 0.610753 0.917824 0.606810 0.949074 0.610753 0.999421 0.612903 0.999421 0.555914 0.985532 0.554122 0.978009 0.550538 0.966435 0.550538 0.958912 0.547312 0.934606 0.544086 0.910880 0.537993 0.906829 0.538710 0.905671 0.536559 0.897569 0.537993 0.884838 0.534409 0.881944 0.535484 0.869792 0.530824 0.866898 0.532258 0.861111 0.529391 0.858218 0.530466 0.753472 0.510036
0 0.900463 0.495341 0.901620 0.496416 0.909144 0.498566 0.916667 0.500000 0.924190 0.502151 0.949074 0.506810 0.950810 0.507527 0.963542 0.510036 0.973958 0.512903 0.980903 0.513262 0.995949 0.515054 0.999421 0.515054 0.999421 0.512186 0.997685 0.512186 0.993634 0.510036 0.987269 0.508602 0.985532 0.508602 0.983218 0.509677 0.973958 0.509319 0.959491 0.505735 0.944444 0.502867 0.940394 0.501434 0.929977 0.498925 0.919560 0.495341 0.916667 0.495341 0.913194 0.494624 0.903935 0.494624
0 0.077546 0.475269 0.076968 0.477419 0.087384 0.483513 0.086806 0.486380 0.089120 0.488172 0.094329 0.486738 0.101273 0.487814 0.109954 0.493190 0.114583 0.492832 0.123843 0.496416 0.120370 0.500358 0.110532 0.498925 0.111690 0.505018 0.118634 0.506452 0.120949 0.510036 0.133681 0.510753 0.159144 0.515412 0.170139 0.518996 0.178819 0.518996 0.192708 0.524014 0.228588 0.529032 0.230903 0.532616 0.240162 0.535842 0.251157 0.535125 0.262153 0.542294 0.267940 0.540860 0.274884 0.541935 0.307870 0.554480 0.304977 0.545161 0.293981 0.539785 0.297454 0.522581 0.304977 0.522222 0.308449 0.500000 0.300347 0.495699 0.301505 0.483513 0.307870 0.483154 0.306134 0.479928 0.231481 0.469892 0.233796 0.468817 0.233218 0.466667 0.215278 0.468817 0.157986 0.463799 0.155671 0.465233 0.141204 0.464516 0.139468 0.467025 0.144097 0.467384 0.144676 0.472760 0.131944 0.472043 0.126157 0.473477 0.107060 0.473835 0.104745 0.476344 0.095486 0.474552
0 0.231481 0.010394 0.224537 0.011111 0.221644 0.012903 0.216435 0.014337 0.210648 0.014337 0.188079 0.018996 0.185764 0.025448 0.182870 0.026882 0.181134 0.026523 0.180556 0.017921 0.173611 0.018280 0.177083 0.021505 0.175347 0.023656 0.178241 0.025448 0.175926 0.026882 0.175926 0.028315 0.177662 0.029391 0.174190 0.030466 0.167245 0.030108 0.166088 0.033692 0.159722 0.033692 0.157407 0.035125 0.153935 0.035125 0.151042 0.036559 0.145255 0.036918 0.143519 0.035125 0.144676 0.030466 0.142361 0.030466 0.141204 0.028674 0.137731 0.027957 0.136574 0.030824 0.138889 0.037276 0.130208 0.037634 0.122685 0.035484 0.118056 0.037634 0.114005 0.037993 0.108796 0.039785 0.108218 0.042652 0.104745 0.044803 0.092593 0.046595 0.097222 0.048746 0.114583 0.045161 0.118056 0.046595 0.121528 0.044444 0.130787 0.043011 0.135417 0.044086 0.138889 0.043369 0.140625 0.041577 0.146991 0.040143 0.177662 0.037276 0.180556 0.031900 0.201968 0.026882 0.207755 0.026523 0.216435 0.017921 0.228588 0.014695 0.233218 0.015054
