0 0.778935 0.441083 0.775463 0.441083 0.774884 0.441879 0.774884 0.442675 0.773727 0.444268 0.773727 0.445064 0.773148 0.445860 0.773148 0.448248 0.772569 0.449045 0.772569 0.451433 0.773148 0.451433 0.774306 0.453025 0.774884 0.452229 0.777199 0.452229 0.777199 0.449841 0.777778 0.449045 0.777778 0.447452 0.779514 0.445064 0.779514 0.443471 0.778935 0.442675
0 0.914352 0.425955 0.914352 0.426752 0.913773 0.427548 0.913773 0.428344 0.913194 0.429140 0.913194 0.429936 0.913773 0.430732 0.913773 0.431529 0.914931 0.431529 0.915509 0.432325 0.917824 0.432325 0.917824 0.429936 0.917245 0.429140 0.917245 0.428344 0.916667 0.427548 0.916667 0.426752 0.916667 0.427548 0.916088 0.428344
0 0.816551 0.408439 0.816551 0.410032 0.815972 0.410828 0.815972 0.412420 0.816551 0.413217 0.816551 0.414809 0.817130 0.415605 0.817130 0.416401 0.817708 0.417197 0.818287 0.417197 0.821181 0.421178 0.821181 0.421975 0.821759 0.422771 0.822338 0.421975 0.824653 0.421975 0.824074 0.421178 0.824074 0.420382 0.823495 0.419586 0.823495 0.418790 0.822338 0.417197 0.822338 0.416401 0.821181 0.414809 0.821181 0.414013 0.820602 0.413217 0.820602 0.412420 0.820023 0.411624 0.819444 0.411624 0.818287 0.410032 0.817708 0.410032
0 0.781829 0.411624 0.782407 0.412420 0.782407 0.413217 0.783565 0.414809 0.783565 0.415605 0.784722 0.417197 0.784722 0.417994 0.785301 0.418790 0.789931 0.418790 0.790509 0.419586 0.795718 0.419586 0.796296 0.418790 0.798032 0.418790 0.797454 0.418790 0.796875 0.417994 0.796296 0.417994 0.795718 0.417197 0.795139 0.417197 0.794560 0.416401 0.792824 0.416401 0.792245 0.415605 0.790509 0.415605 0.788773 0.413217 0.788773 0.411624 0.789352 0.410828 0.789352 0.410032 0.790509 0.408439 0.790509 0.407643 0.791667 0.406051 0.791088 0.405255 0.791088 0.404459 0.790509 0.403662 0.788194 0.406847 0.787616 0.406847 0.785880 0.409236 0.785301 0.409236 0.784722 0.410032 0.784144 0.410032 0.783565 0.410828 0.782986 0.410828 0.782407 0.411624
0 0.852431 0.361465 0.852431 0.362261 0.853009 0.363057 0.853009 0.363854 0.853588 0.364650 0.853588 0.365446 0.856481 0.365446 0.857060 0.366242 0.858796 0.366242 0.857639 0.364650 0.857639 0.363854 0.857060 0.363057 0.857060 0.362261 0.856481 0.361465 0.856481 0.360669 0.854745 0.360669 0.854167 0.359873 0.853009 0.361465
0 0.871528 0.344745 0.871528 0.345541 0.872106 0.346338 0.872106 0.347930 0.872685 0.347134 0.875579 0.347134 0.876157 0.347930 0.876157 0.348726 0.875579 0.349522 0.875579 0.350318 0.877894 0.350318 0.878472 0.349522 0.878472 0.348726 0.879051 0.347930 0.875579 0.343153 0.875000 0.343949 0.873843 0.343949 0.873264 0.344745
0 0.907986 0.322452 0.907407 0.323248 0.906829 0.323248 0.906829 0.324045 0.906250 0.324841 0.906250 0.325637 0.905671 0.326433 0.905671 0.328822 0.907407 0.328822 0.907986 0.329618 0.908565 0.328822 0.908565 0.328025 0.909144 0.327229 0.909144 0.326433 0.909722 0.325637 0.908565 0.324045 0.908565 0.323248
0 0.925347 0.312102 0.924769 0.312898 0.924190 0.312898 0.923611 0.313694 0.923032 0.313694 0.923032 0.314490 0.923611 0.315287 0.923611 0.316879 0.924190 0.317675 0.924190 0.318471 0.925347 0.320064 0.923611 0.322452 0.923611 0.325637 0.924190 0.326433 0.924190 0.327229 0.925926 0.329618 0.926505 0.328822 0.927662 0.328822 0.927662 0.326433 0.928241 0.325637 0.928241 0.324841 0.929398 0.323248 0.929398 0.320860 0.928819 0.320064 0.928819 0.319268 0.928241 0.318471 0.928241 0.312898 0.925926 0.312898
0 0.855324 0.308121 0.854745 0.308917 0.853588 0.308917 0.852431 0.310510 0.851852 0.310510 0.851273 0.311306 0.851273 0.315287 0.850694 0.316083 0.850116 0.316083 0.849537 0.316879 0.848958 0.316879 0.848380 0.317675 0.847801 0.317675 0.847801 0.318471 0.848380 0.319268 0.848380 0.320860 0.848958 0.321656 0.848958 0.322452 0.849537 0.323248 0.849537 0.324045 0.850116 0.324841 0.852431 0.324841 0.852431 0.324045 0.853588 0.322452 0.854745 0.322452 0.855324 0.323248 0.855324 0.326433 0.857060 0.326433 0.857060 0.324841 0.857639 0.324045 0.857639 0.323248 0.858218 0.322452 0.858796 0.322452 0.858796 0.320860 0.858218 0.320064 0.858218 0.317675 0.857639 0.316879 0.857639 0.316083 0.855903 0.316083 0.855324 0.315287 0.855903 0.314490 0.855903 0.313694 0.857060 0.312102 0.857639 0.312102 0.858218 0.311306 0.859375 0.311306 0.859375 0.308917 0.857639 0.308917 0.857060 0.308121
0 0.817708 0.284236 0.817708 0.288217 0.817130 0.289013 0.817130 0.292994 0.817708 0.293790 0.817708 0.296178 0.818287 0.296975 0.818287 0.302548 0.817708 0.303344 0.817708 0.308121 0.818287 0.308917 0.818866 0.311306 0.819444 0.312102 0.820023 0.312102 0.821759 0.314490 0.822338 0.316879 0.823495 0.318471 0.823495 0.319268 0.824653 0.321656 0.824653 0.324045 0.825810 0.324045 0.826389 0.324841 0.827546 0.324841 0.828125 0.325637 0.833912 0.325637 0.834491 0.323248 0.836227 0.320860 0.836806 0.320860 0.837963 0.319268 0.838542 0.319268 0.838542 0.316879 0.835648 0.314490 0.836227 0.313694 0.839120 0.312898 0.843171 0.309713 0.844907 0.309713 0.844907 0.304936 0.844329 0.304140 0.843750 0.304140 0.842014 0.301752 0.841435 0.301752 0.839699 0.299363 0.839120 0.300159 0.837963 0.300159 0.836227 0.301752 0.832176 0.301752 0.831597 0.300955 0.831597 0.297771 0.831019 0.297771 0.830440 0.296975 0.826968 0.296975 0.825810 0.295382 0.825810 0.285828 0.827546 0.284236 0.830440 0.284236 0.831019 0.285032 0.832176 0.285032 0.831597 0.284236 0.831597 0.283439 0.828125 0.279459 0.825810 0.281847 0.824074 0.281847 0.824074 0.282643 0.823495 0.283439 0.821181 0.283439 0.820602 0.284236
0 0.913194 0.251592 0.913194 0.253185 0.912616 0.253981 0.912616 0.257962 0.913194 0.258758 0.913194 0.259554 0.915509 0.259554 0.915509 0.258758 0.916088 0.257962 0.914931 0.256369 0.914931 0.253185 0.915509 0.252389 0.915509 0.251592
0 0.804977 0.238057 0.805556 0.238854 0.805556 0.239650 0.807292 0.242038 0.807870 0.244427 0.807292 0.245223 0.807292 0.247611 0.806713 0.248408 0.806713 0.250796 0.804398 0.256369 0.804977 0.256369 0.805556 0.257166 0.806134 0.256369 0.809028 0.256369 0.810185 0.257962 0.810764 0.257962 0.813079 0.261146 0.813079 0.256369 0.813657 0.255573 0.815394 0.255573 0.815972 0.256369 0.815394 0.260350 0.815972 0.261146 0.816551 0.261146 0.818866 0.264331 0.819444 0.264331 0.822338 0.268312 0.822338 0.269108 0.823495 0.270701 0.823495 0.271497 0.824074 0.272293 0.824653 0.271497 0.825231 0.271497 0.825810 0.270701 0.826389 0.270701 0.826968 0.269904 0.827546 0.269904 0.828125 0.269108 0.828704 0.269108 0.829282 0.268312 0.833333 0.265924 0.833333 0.264331 0.832755 0.263535 0.832755 0.261146 0.832176 0.261943 0.831597 0.261943 0.831019 0.262739 0.829861 0.262739 0.829282 0.263535 0.826968 0.263535 0.825231 0.259554 0.825231 0.244427 0.824653 0.243631 0.824653 0.238057 0.824074 0.238854 0.821759 0.238854 0.821181 0.239650 0.816551 0.239650 0.815972 0.238854 0.814815 0.238854 0.813657 0.237261 0.813657 0.236465 0.813079 0.235669 0.812500 0.236465 0.811343 0.236465 0.810764 0.237261 0.810185 0.237261 0.809028 0.235669 0.809028 0.234873 0.807870 0.234873 0.806134 0.237261 0.805556 0.237261
0 0.660880 0.233280 0.660301 0.238057 0.661458 0.242038 0.661458 0.278662 0.662616 0.281847 0.670718 0.290605 0.675926 0.292197 0.676505 0.293790 0.677083 0.292994 0.678819 0.294586 0.690972 0.299363 0.692130 0.301752 0.704282 0.310510 0.723380 0.313694 0.728009 0.311306 0.732639 0.310510 0.735532 0.307325 0.737269 0.301752 0.732639 0.299363 0.729745 0.294586 0.729167 0.291401 0.731481 0.288217 0.739583 0.288217 0.740162 0.289809 0.741319 0.288217 0.742477 0.289013 0.743634 0.286624 0.741898 0.285828 0.741898 0.280255 0.739005 0.273089 0.736690 0.269904 0.734375 0.269904 0.732639 0.265924 0.730903 0.265924 0.729167 0.268312 0.726852 0.268312 0.725694 0.266720 0.727431 0.262739 0.723958 0.261146 0.723380 0.261943 0.716435 0.261146 0.710069 0.257962 0.709491 0.256369 0.703704 0.256369 0.704861 0.260350 0.704282 0.261146 0.700231 0.259554 0.698495 0.257166 0.696181 0.257166 0.693287 0.254777 0.690394 0.254777 0.681134 0.248408 0.679398 0.248408 0.678241 0.246815 0.670718 0.243631
0 0.837963 0.230892 0.834491 0.235669 0.834491 0.236465 0.833912 0.237261 0.833912 0.239650 0.833333 0.240446 0.832755 0.240446 0.832176 0.239650 0.832176 0.242038 0.831597 0.242834 0.831597 0.244427 0.832176 0.245223 0.832176 0.246019 0.833912 0.248408 0.834491 0.248408 0.835648 0.250000 0.836227 0.250000 0.837384 0.251592 0.839120 0.251592 0.839699 0.252389 0.840856 0.250796 0.841435 0.250796 0.843750 0.247611 0.843750 0.242834 0.843171 0.242038 0.843171 0.241242 0.842593 0.240446 0.842593 0.239650 0.842014 0.238854 0.840856 0.238854 0.840856 0.242038 0.839699 0.243631 0.839120 0.242834 0.839120 0.241242 0.839699 0.240446 0.839699 0.238057 0.840278 0.237261 0.840278 0.234873 0.840856 0.234076 0.840856 0.233280 0.840278 0.233280 0.839120 0.231688 0.838542 0.231688
0 0.804398 0.223726 0.802662 0.223726 0.802662 0.225318 0.802083 0.226115 0.802083 0.230096 0.801505 0.230892 0.801505 0.233280 0.800926 0.234076 0.800926 0.234873 0.800347 0.235669 0.800347 0.236465 0.799769 0.237261 0.799769 0.238057 0.799190 0.238854 0.799190 0.239650 0.798611 0.240446 0.802083 0.240446 0.802662 0.241242 0.802662 0.240446 0.803241 0.239650 0.803241 0.237261 0.803819 0.236465 0.803819 0.234076 0.804398 0.233280 0.804398 0.230892 0.804977 0.230096 0.804977 0.228503 0.805556 0.227707 0.805556 0.226911 0.806134 0.226115 0.806134 0.225318 0.805556 0.225318
0 0.788194 0.217357 0.787037 0.218949 0.787037 0.219745 0.785880 0.221338 0.785880 0.222930 0.786458 0.223726 0.786458 0.226115 0.787037 0.226911 0.787037 0.229299 0.787616 0.230096 0.787616 0.230892 0.788194 0.231688 0.788194 0.233280 0.788773 0.234076 0.788773 0.234873 0.789352 0.234076 0.791088 0.234076 0.791088 0.232484 0.790509 0.231688 0.790509 0.228503 0.789931 0.227707 0.789931 0.225318 0.789352 0.224522 0.789352 0.222134 0.788773 0.221338 0.788773 0.218949 0.788194 0.218153
0 0.340278 0.253981 0.336227 0.247611 0.336806 0.230096 0.337384 0.229299 0.339699 0.214172 0.337963 0.210987 0.332755 0.207803 0.330440 0.203822 0.329861 0.204618 0.324653 0.203822 0.324074 0.204618 0.322338 0.204618 0.321181 0.206210 0.316551 0.206210 0.315972 0.205414 0.307870 0.204618 0.306134 0.205414 0.303819 0.208599 0.300926 0.210191 0.294560 0.210191 0.292245 0.211783 0.293981 0.214172 0.293403 0.216561 0.289352 0.215764 0.284722 0.218949 0.283565 0.218949 0.279514 0.222134 0.276620 0.226911 0.278935 0.232484 0.278935 0.234076 0.279514 0.234076 0.282407 0.238854 0.287037 0.238854 0.288773 0.238057 0.291088 0.234873 0.295139 0.231688 0.296875 0.228503 0.298032 0.228503 0.298611 0.230096 0.304398 0.237261 0.307870 0.238057 0.311921 0.242834 0.312500 0.242038 0.314815 0.242038 0.316551 0.243631 0.317130 0.242834 0.319444 0.242834 0.323495 0.246815 0.328125 0.247611 0.330440 0.249204 0.333333 0.252389 0.337384 0.254777 0.339120 0.257166
