0 0.299190 0.775753 0.299190 0.793185 0.300926 0.795563 0.300926 0.796355 0.302083 0.796355 0.302083 0.792393 0.301505 0.791601 0.301505 0.788431 0.300926 0.787639 0.300926 0.781300 0.301505 0.780507 0.301505 0.775753
0 0.293403 0.770206 0.291667 0.770206 0.291667 0.771791 0.291088 0.772583 0.291088 0.774168 0.288773 0.777338 0.288773 0.782092 0.288194 0.782884 0.288194 0.785261 0.288773 0.784469 0.289352 0.784469 0.289931 0.783677 0.290509 0.783677 0.291667 0.782092 0.291667 0.780507 0.292245 0.779715 0.292245 0.776545 0.292824 0.775753 0.292824 0.774168 0.294560 0.771791
0 0.263310 0.756735 0.262731 0.757528 0.262731 0.759113 0.262153 0.759905 0.262153 0.761490 0.260995 0.763074 0.259838 0.763074 0.259838 0.763867 0.259259 0.764659 0.259259 0.765452 0.259838 0.765452 0.260995 0.767036 0.260995 0.775753 0.263889 0.775753 0.264468 0.776545 0.265046 0.775753 0.267940 0.775753 0.267940 0.770206 0.269097 0.768621 0.269097 0.767829 0.269676 0.767036 0.269676 0.766244 0.269097 0.765452 0.269097 0.764659 0.267940 0.763074 0.267361 0.763074 0.266782 0.762282 0.266204 0.762282 0.265625 0.761490 0.264468 0.761490 0.263889 0.760697 0.263889 0.759905 0.263310 0.759113
0 0.201968 0.755943 0.200810 0.754358 0.199074 0.754358 0.198495 0.753566 0.197917 0.754358 0.196181 0.754358 0.196181 0.759113 0.196759 0.759113 0.197338 0.759905 0.199074 0.759905 0.199653 0.759113 0.200231 0.759113 0.200810 0.758320 0.201389 0.758320 0.201389 0.757528 0.201968 0.756735
0 0.266782 0.751981 0.266782 0.752773 0.267361 0.753566 0.270255 0.753566 0.270833 0.754358 0.271412 0.753566 0.271991 0.753566 0.272569 0.752773 0.273148 0.752773 0.274306 0.751189 0.274884 0.751981 0.274884 0.753566 0.275463 0.754358 0.275463 0.758320 0.274884 0.759113 0.274884 0.759905 0.274306 0.760697 0.274306 0.763074 0.275463 0.764659 0.276042 0.764659 0.276620 0.765452 0.285880 0.765452 0.286458 0.764659 0.287037 0.764659 0.288194 0.763074 0.288773 0.763074 0.289931 0.761490 0.289931 0.760697 0.289352 0.759905 0.289352 0.758320 0.288773 0.757528 0.288773 0.756735 0.287616 0.755151 0.287616 0.754358 0.287037 0.753566 0.286458 0.753566 0.285880 0.752773 0.283565 0.752773 0.282407 0.751189 0.281829 0.751189 0.281250 0.750396 0.279514 0.750396 0.278935 0.749604 0.278935 0.748811 0.278356 0.748019 0.278356 0.746434 0.277778 0.745642 0.277778 0.744849 0.277199 0.744057 0.277199 0.743265 0.276620 0.744057 0.276042 0.744057 0.274884 0.745642 0.274306 0.745642 0.273727 0.746434 0.273148 0.746434 0.272569 0.747227 0.271991 0.747227 0.271412 0.748019 0.270255 0.748019 0.269676 0.748811 0.269097 0.748811 0.269676 0.749604 0.269097 0.750396 0.268519 0.750396 0.267361 0.751981
0 0.702546 0.721870 0.702546 0.723455 0.701968 0.724247 0.701968 0.725040 0.702546 0.724247 0.703704 0.724247 0.705440 0.726624 0.705440 0.727417 0.706597 0.729002 0.706597 0.729794 0.707176 0.730586 0.709491 0.730586 0.710069 0.729794 0.710069 0.726624 0.708333 0.724247 0.708333 0.723455 0.707755 0.722662 0.707176 0.722662 0.706597 0.721870
0 0.662616 0.716323 0.663773 0.721078 0.672454 0.727417 0.672454 0.730586 0.675347 0.732171 0.674190 0.752773 0.671875 0.754358 0.666667 0.751189 0.665509 0.753566 0.665509 0.757528 0.668403 0.763867 0.685185 0.776545 0.717593 0.793978 0.759259 0.809826 0.771412 0.811410 0.782986 0.806656 0.785301 0.807448 0.788194 0.804279 0.803241 0.802694 0.802083 0.800317 0.803241 0.798732 0.808449 0.797940 0.815972 0.790808 0.815394 0.786054 0.811343 0.778922 0.811921 0.775753 0.810185 0.772583 0.808449 0.771791 0.799769 0.781300 0.796875 0.786846 0.792245 0.786846 0.787037 0.782884 0.777199 0.769414 0.770833 0.769414 0.756366 0.762282 0.747685 0.760697 0.745370 0.757528 0.741898 0.757528 0.739005 0.755151 0.718171 0.748019 0.717593 0.744849 0.714120 0.743265 0.709491 0.744849 0.704282 0.740095 0.695602 0.740887 0.679398 0.730586 0.677662 0.727417 0.674769 0.727417 0.666088 0.715531 0.663194 0.714739
0 0.267940 0.687005 0.266782 0.688590 0.266204 0.688590 0.265625 0.689382 0.265625 0.690174 0.265046 0.690967 0.265046 0.692552 0.264468 0.693344 0.264468 0.694136 0.266204 0.696513 0.265625 0.697306 0.264468 0.697306 0.263889 0.698098 0.262153 0.698098 0.261574 0.698891 0.260417 0.698891 0.259838 0.699683 0.258102 0.700475 0.258102 0.706022 0.258681 0.706022 0.259259 0.706815 0.260417 0.706815 0.263310 0.709192 0.266782 0.709192 0.267940 0.710777 0.268519 0.710777 0.269097 0.711569 0.270833 0.712361 0.271991 0.713946 0.272569 0.713946 0.273727 0.715531 0.273727 0.716323 0.274884 0.718700 0.274884 0.723455 0.275463 0.724247 0.275463 0.728209 0.273148 0.732964 0.277778 0.732964 0.277778 0.732171 0.278356 0.731379 0.278356 0.729794 0.278935 0.729002 0.278935 0.727417 0.279514 0.726624 0.279514 0.725040 0.280093 0.724247 0.280093 0.722662 0.280671 0.721870 0.280671 0.719493 0.280093 0.718700 0.280093 0.709192 0.279514 0.708399 0.279514 0.704437 0.280093 0.703645 0.280093 0.699683 0.278356 0.698891 0.276042 0.694929 0.276042 0.694136 0.275463 0.693344 0.276620 0.690967 0.275463 0.688590 0.274306 0.688590 0.273727 0.687797 0.272569 0.687797 0.271991 0.687005
0 0.257523 0.690174 0.256944 0.689382 0.256366 0.689382 0.255208 0.687797 0.251157 0.687797 0.250579 0.687005 0.250000 0.687797 0.248843 0.687797 0.248264 0.688590 0.246528 0.688590 0.245949 0.689382 0.244792 0.689382 0.243634 0.690967 0.243056 0.690967 0.242477 0.691759 0.245370 0.691759 0.245949 0.692552 0.250000 0.692552 0.250579 0.693344 0.250579 0.694136 0.250000 0.694929 0.250000 0.695721 0.247685 0.698891 0.247106 0.698891 0.245949 0.700475 0.247685 0.700475 0.248264 0.701268 0.251157 0.701268 0.255787 0.694929 0.256366 0.694929 0.258102 0.692552 0.258102 0.691759 0.257523 0.690967
0 0.187500 0.684628 0.187500 0.686212 0.186921 0.687005 0.186921 0.689382 0.186343 0.690174 0.186343 0.691759 0.186921 0.692552 0.186921 0.693344 0.187500 0.692552 0.190394 0.692552 0.190972 0.691759 0.192130 0.691759 0.192130 0.690174 0.192708 0.689382 0.192708 0.688590 0.192130 0.687797 0.192130 0.687005 0.190972 0.685420 0.188657 0.685420 0.188079 0.684628
0 0.207755 0.683043 0.206019 0.685420 0.206019 0.686212 0.205440 0.687005 0.206019 0.687797 0.206019 0.688590 0.206597 0.689382 0.207176 0.688590 0.208333 0.688590 0.209491 0.687005 0.208912 0.686212 0.208912 0.685420 0.208333 0.684628 0.208333 0.683835
0 0.232639 0.660063 0.232639 0.660856 0.232060 0.661648 0.232060 0.664025 0.232639 0.664818 0.232639 0.666403 0.233796 0.667987 0.236111 0.667987 0.236690 0.667195 0.239583 0.667195 0.239583 0.665610 0.236690 0.661648 0.236111 0.661648 0.234954 0.660063 0.233796 0.660063 0.233218 0.659271
0 0.309028 0.601426 0.309028 0.602219 0.308449 0.603011 0.308449 0.607765 0.309606 0.607765 0.310185 0.608558 0.311343 0.606973 0.311343 0.603011 0.310764 0.602219 0.310764 0.601426
0 0.303241 0.580824 0.302662 0.581616 0.300926 0.581616 0.300926 0.582409 0.300347 0.583201 0.300347 0.583994 0.299769 0.584786 0.299769 0.585578 0.299190 0.586371 0.299190 0.587163 0.298611 0.587956 0.298611 0.588748 0.297454 0.590333 0.297454 0.591125 0.296875 0.591918 0.296875 0.594295 0.296296 0.595087 0.296296 0.597464 0.298032 0.597464 0.298611 0.598257 0.299769 0.598257 0.302662 0.602219 0.302662 0.601426 0.303241 0.600634 0.303241 0.599842 0.303819 0.599049 0.303819 0.598257 0.304977 0.596672 0.305556 0.596672 0.306713 0.595087 0.307292 0.595087 0.307292 0.594295 0.307870 0.593502 0.307870 0.592710 0.308449 0.591918 0.308449 0.591125 0.309028 0.590333 0.307292 0.587956 0.307292 0.587163 0.304398 0.583201 0.304398 0.582409
0 0.281250 0.580032 0.280671 0.580824 0.280671 0.581616 0.280093 0.582409 0.280093 0.585578 0.280671 0.586371 0.280671 0.587956 0.281250 0.588748 0.281250 0.590333 0.281829 0.591125 0.281829 0.591918 0.282407 0.592710 0.282407 0.593502 0.282986 0.594295 0.282986 0.595087 0.283565 0.595880 0.284144 0.595880 0.284722 0.596672 0.285880 0.596672 0.285880 0.592710 0.285301 0.591918 0.285301 0.591125 0.284144 0.589540 0.284144 0.588748 0.283565 0.587956 0.283565 0.585578 0.284144 0.584786 0.284144 0.583201 0.282407 0.580824 0.281829 0.580824
0 0.203704 0.564184 0.203704 0.565769 0.203125 0.566561 0.203125 0.568938 0.203704 0.569731 0.203704 0.572108 0.204282 0.572108 0.205440 0.573693 0.206597 0.572108 0.207176 0.572108 0.207755 0.571315 0.207755 0.570523 0.208333 0.569731 0.208333 0.568146 0.207755 0.567353 0.207755 0.565769 0.207176 0.565769 0.206019 0.564184
