0 0.889468 0.973769 0.889468 0.974229 0.890046 0.974689 0.890046 0.975610 0.890625 0.976070 0.890625 0.979291 0.891204 0.979291 0.891782 0.979751 0.892361 0.979291 0.892361 0.978831 0.892940 0.978371 0.892940 0.976070 0.892361 0.975610 0.892361 0.975150 0.891782 0.974689 0.891782 0.973769
0 0.875000 0.965946 0.873843 0.966866 0.873843 0.967786 0.874421 0.968247 0.874421 0.969627 0.875000 0.970087 0.875000 0.970548 0.875579 0.971008 0.875579 0.971468 0.876157 0.971008 0.876157 0.970548 0.876736 0.970087 0.876736 0.969167 0.876157 0.968707 0.876157 0.966866 0.876736 0.966406 0.875579 0.966406
0 0.836806 0.960884 0.836227 0.961344 0.836227 0.961804 0.835069 0.962724 0.835069 0.963185 0.833912 0.964105 0.833912 0.964565 0.833333 0.965025 0.833333 0.965486 0.832755 0.965946 0.832755 0.967326 0.832176 0.967786 0.832176 0.968247 0.831597 0.968707 0.831597 0.969167 0.830440 0.970087 0.830440 0.970548 0.829861 0.971008 0.830440 0.971468 0.830440 0.971928 0.831019 0.972388 0.831597 0.972388 0.832176 0.972849 0.832755 0.972849 0.833333 0.973309 0.833912 0.973309 0.834491 0.973769 0.835069 0.973309 0.835648 0.973309 0.836227 0.972849 0.836806 0.972849 0.837384 0.972388 0.837963 0.972388 0.837963 0.971928 0.838542 0.971468 0.838542 0.970548 0.839120 0.970087 0.839120 0.968707 0.838542 0.968247 0.838542 0.964565 0.839120 0.964105 0.839120 0.963645 0.839699 0.963185 0.839120 0.962724 0.839120 0.962264 0.838542 0.961804 0.837963 0.961804
0 0.871528 0.950759 0.871528 0.951220 0.870949 0.951680 0.870949 0.952140 0.870370 0.952600 0.870370 0.955821 0.870949 0.956282 0.870949 0.957662 0.871528 0.958122 0.871528 0.959043 0.872106 0.959043 0.872685 0.959503 0.873264 0.959503 0.873843 0.959963 0.874421 0.959963 0.875000 0.960423 0.875579 0.960423 0.876157 0.960884 0.876736 0.960884 0.877315 0.961344 0.877894 0.961344 0.878472 0.961804 0.879051 0.961344 0.881366 0.961344 0.881366 0.960884 0.880787 0.960423 0.880787 0.958583 0.880208 0.958122 0.879630 0.958122 0.877894 0.956742 0.877894 0.956282 0.878472 0.955821 0.878472 0.955361 0.880208 0.953981 0.880208 0.951680 0.879630 0.951220 0.879630 0.950759 0.879051 0.950299 0.879051 0.949839 0.875000 0.949839 0.874421 0.950299 0.873264 0.950299 0.872685 0.950759
0 0.926505 0.934192 0.924769 0.931431 0.923032 0.930511 0.920139 0.927750 0.916088 0.927289 0.909144 0.924988 0.908565 0.925449 0.905093 0.925449 0.904514 0.925909 0.890625 0.926369 0.887731 0.927289 0.881944 0.927289 0.881366 0.927750 0.876736 0.928210 0.876157 0.929130 0.872685 0.931431 0.866898 0.931891 0.865741 0.934653 0.865741 0.937874 0.867477 0.940175 0.870370 0.942016 0.875579 0.942476 0.876736 0.944317 0.876736 0.945697 0.879051 0.946618 0.881366 0.945697 0.884259 0.945697 0.886574 0.946618 0.888310 0.946618 0.893519 0.947998 0.894097 0.947538 0.898727 0.947538 0.899884 0.946157 0.899884 0.944777 0.895255 0.944317 0.894676 0.943856 0.894097 0.944317 0.890625 0.944317 0.889468 0.943856 0.887153 0.941555 0.887731 0.940635 0.887153 0.939254 0.887731 0.938794 0.893519 0.938794 0.894097 0.939254 0.894676 0.938794 0.899884 0.938334 0.901042 0.939254 0.901620 0.937874 0.904514 0.936033 0.902778 0.934192 0.906250 0.932812 0.907407 0.932812 0.909722 0.931431 0.914352 0.931431 0.918403 0.934192 0.922454 0.936033 0.924190 0.936033
0 0.745370 0.923148 0.744792 0.923608 0.743056 0.923608 0.742477 0.924068 0.741319 0.924068 0.740741 0.924528 0.739005 0.924528 0.738426 0.924988 0.737269 0.924988 0.736690 0.925449 0.735532 0.925449 0.734954 0.925909 0.733796 0.925909 0.732639 0.926829 0.732060 0.926829 0.730903 0.927750 0.730324 0.927750 0.729745 0.928210 0.729745 0.929130 0.730324 0.929130 0.731481 0.930051 0.732060 0.930051 0.733218 0.930971 0.734375 0.930051 0.734954 0.930051 0.736111 0.929130 0.736690 0.929130 0.737269 0.928670 0.738426 0.928670 0.739005 0.928210 0.740741 0.928210 0.741319 0.927750 0.742477 0.927750 0.743056 0.927289 0.743634 0.927289 0.744213 0.926829 0.745370 0.926829
0 0.973380 0.920847 0.972801 0.920847 0.971065 0.919926 0.968171 0.919926 0.967014 0.920847 0.966435 0.920847 0.964699 0.922688 0.963542 0.922688 0.961227 0.924068 0.958912 0.924068 0.958333 0.924528 0.957755 0.924528 0.957176 0.924988 0.956019 0.924988 0.953125 0.926369 0.952546 0.925909 0.952546 0.924988 0.953125 0.924528 0.953125 0.923148 0.953704 0.922688 0.953704 0.920387 0.950810 0.918086 0.950810 0.920387 0.951389 0.920847 0.951389 0.921767 0.949653 0.923148 0.949653 0.923608 0.949074 0.924068 0.949074 0.925449 0.948495 0.925909 0.947917 0.928210 0.947338 0.928670 0.947338 0.929130 0.946759 0.929590 0.946759 0.930511 0.946181 0.930971 0.946181 0.934653 0.946759 0.935113 0.946759 0.936493 0.951389 0.939254 0.953704 0.939254 0.954282 0.939715 0.956019 0.939715 0.956597 0.940175 0.957176 0.939715 0.958912 0.939254 0.953704 0.934653 0.953704 0.934192 0.952546 0.932812 0.954282 0.931891 0.955440 0.931891 0.956597 0.932812 0.958333 0.933272 0.960648 0.934653 0.962384 0.934653 0.963542 0.933732 0.964120 0.933732 0.966435 0.930971 0.966435 0.928670 0.967014 0.928210 0.969329 0.928210 0.969907 0.927750 0.971065 0.927750 0.974537 0.925449 0.974537 0.923608 0.973958 0.923148
0 0.884838 0.901519 0.884838 0.901979 0.885417 0.902439 0.885417 0.903820 0.885995 0.904280 0.885995 0.905200 0.886574 0.905660 0.886574 0.906121 0.887153 0.906581 0.888889 0.906581 0.888889 0.905660 0.889468 0.905200 0.889468 0.903359 0.888889 0.902899 0.888889 0.902439 0.888310 0.901979 0.888310 0.901519 0.887731 0.901058 0.887153 0.901519
0 0.742477 0.899218 0.741898 0.899678 0.741319 0.899678 0.740741 0.900138 0.740162 0.900138 0.739005 0.901058 0.738426 0.901058 0.737847 0.901519 0.737269 0.901519 0.736690 0.901979 0.736111 0.901979 0.735532 0.902439 0.734954 0.902439 0.734375 0.902899 0.733218 0.902899 0.732639 0.903359 0.732060 0.903359 0.731481 0.903820 0.730324 0.903820 0.729745 0.904280 0.729167 0.904280 0.728588 0.904740 0.727431 0.904740 0.727431 0.908422 0.728009 0.908422 0.729167 0.909342 0.729745 0.909342 0.730903 0.910262 0.731481 0.910262 0.732060 0.910723 0.733796 0.909342 0.734375 0.909342 0.735532 0.908422 0.740741 0.908422 0.744792 0.905200 0.744792 0.904740 0.744213 0.904280 0.744213 0.903359 0.743634 0.902899 0.743634 0.901519 0.743056 0.901058 0.743056 0.900138 0.742477 0.899678
0 0.851852 0.895536 0.851273 0.895996 0.850694 0.895996 0.849537 0.896917 0.848958 0.896917 0.848958 0.900138 0.849537 0.900598 0.849537 0.902439 0.850116 0.902899 0.850116 0.903359 0.850694 0.903820 0.850694 0.904280 0.851852 0.905200 0.851852 0.905660 0.852431 0.906121 0.852431 0.906581 0.853009 0.907041 0.854167 0.907041 0.854745 0.907501 0.855903 0.906581 0.856481 0.906581 0.855903 0.906121 0.855903 0.905660 0.855324 0.905200 0.855324 0.904740 0.854745 0.904280 0.854745 0.903820 0.854167 0.903359 0.854167 0.896917 0.852431 0.895536
0 0.696759 0.894616 0.698495 0.895996 0.699074 0.895996 0.699653 0.896457 0.700810 0.896457 0.701389 0.896917 0.704861 0.896917 0.704861 0.894616 0.704282 0.894156 0.703704 0.894156 0.702546 0.893235 0.699074 0.893235 0.698495 0.893695 0.697917 0.893695
0 0.894676 0.864243 0.892940 0.864243 0.892940 0.864703 0.892361 0.865163 0.892361 0.867004 0.892940 0.867004 0.893519 0.867464 0.894097 0.867004 0.894676 0.867004 0.895833 0.866084 0.895833 0.864703 0.895255 0.864703
0 0.908565 0.767142 0.907986 0.767602 0.905671 0.767602 0.905671 0.768063 0.905093 0.768523 0.905093 0.769903 0.904514 0.770364 0.904514 0.774965 0.903935 0.775426 0.903935 0.776806 0.904514 0.777266 0.904514 0.778647 0.905093 0.778187 0.906250 0.778187 0.909144 0.775886 0.909144 0.773585 0.908565 0.773125
0 0.901042 0.742292 0.899306 0.743672 0.899306 0.745053 0.899884 0.745053 0.901042 0.745973 0.901042 0.744133 0.902199 0.743212
0 0.889468 0.736769 0.888889 0.737230 0.888889 0.737690 0.888310 0.738150 0.888310 0.739070 0.888889 0.739531 0.888889 0.745973 0.889468 0.745973 0.890046 0.746434 0.890625 0.745973 0.891204 0.745973 0.891204 0.741832 0.890625 0.741371 0.890625 0.739070 0.890046 0.738610 0.890046 0.737690 0.889468 0.737230
0 0.991898 0.682006 0.974537 0.688449 0.975116 0.691210 0.990741 0.697193 0.969907 0.705936 0.966435 0.711459 0.962384 0.712379 0.958912 0.720202 0.954282 0.723424 0.953704 0.727105 0.934606 0.754717 0.928819 0.766682 0.910880 0.791993 0.895255 0.809940 0.888889 0.824666 0.878472 0.834791 0.874421 0.845835 0.879630 0.856880 0.882523 0.858260 0.885995 0.858260 0.890046 0.861022 0.905671 0.861942 0.917824 0.866544 0.922454 0.863323 0.930556 0.861482 0.943866 0.861482 0.948495 0.855960 0.947917 0.852738 0.951389 0.849057 0.955440 0.836631 0.953125 0.828808 0.968750 0.799816 0.977431 0.788311 0.979167 0.780948 0.999421 0.748734 0.999421 0.687069
