0 0.846644 0.778740 0.846644 0.780315 0.847222 0.781102 0.847222 0.782677 0.848380 0.782677 0.848958 0.783465 0.849537 0.783465 0.850116 0.784252 0.850116 0.778740 0.849537 0.777953 0.849537 0.777165 0.848958 0.777953 0.848380 0.777953 0.847801 0.778740
0 0.911458 0.772441 0.912037 0.773228 0.912616 0.773228 0.913773 0.774803 0.914352 0.774016 0.918403 0.774016 0.918403 0.773228 0.918981 0.772441 0.918981 0.771654 0.919560 0.770866 0.917245 0.770866 0.916667 0.770079 0.916088 0.770079 0.915509 0.769291 0.913194 0.769291 0.912616 0.768504 0.911458 0.770079
0 0.815394 0.732283 0.815394 0.733071 0.814815 0.733858 0.814815 0.735433 0.814236 0.736220 0.814236 0.737008 0.813657 0.737795 0.813079 0.737795 0.812500 0.738583 0.811921 0.738583 0.811921 0.739370 0.812500 0.740157 0.812500 0.740945 0.813079 0.740945 0.813657 0.741732 0.814815 0.741732 0.815394 0.742520 0.815394 0.741732 0.815972 0.740945 0.815972 0.740157 0.816551 0.739370 0.818287 0.739370 0.818287 0.738583 0.818866 0.737795 0.818287 0.737008 0.818287 0.736220 0.817708 0.735433 0.817708 0.734646 0.817130 0.734646
0 0.988426 0.727559 0.986690 0.727559 0.986111 0.726772 0.984954 0.728346 0.984954 0.729134 0.983796 0.730709 0.984375 0.731496 0.984375 0.732283 0.984954 0.733071 0.987269 0.733071 0.987269 0.732283 0.987847 0.731496 0.987847 0.729134 0.988426 0.728346
0 0.843750 0.710236 0.843750 0.711024 0.843171 0.711811 0.843171 0.713386 0.842593 0.714173 0.842593 0.719685 0.843171 0.720472 0.843171 0.722835 0.843750 0.723622 0.843750 0.725197 0.844329 0.725984 0.844329 0.726772 0.844907 0.727559 0.846065 0.727559 0.846644 0.728346 0.847222 0.727559 0.850694 0.727559 0.850116 0.726772 0.850116 0.725197 0.849537 0.724409 0.849537 0.723622 0.848958 0.723622 0.848380 0.722835 0.847801 0.722835 0.847222 0.722047 0.848380 0.720472 0.848958 0.720472 0.849537 0.719685 0.849537 0.718898 0.850116 0.718110 0.850116 0.717323 0.850694 0.716535 0.850694 0.715748 0.850116 0.714961 0.850116 0.713386 0.849537 0.713386 0.848958 0.712598 0.848380 0.712598 0.847801 0.711811 0.847222 0.711811 0.846644 0.711024 0.846065 0.711024 0.845486 0.710236
0 0.932870 0.705512 0.932292 0.704724 0.932292 0.703150 0.931134 0.703150 0.930556 0.702362 0.929398 0.702362 0.928819 0.701575 0.927083 0.701575 0.926505 0.700787 0.925926 0.701575 0.924190 0.701575 0.923032 0.703150 0.922454 0.703150 0.921296 0.704724 0.920718 0.704724 0.920718 0.705512 0.920139 0.706299 0.920139 0.707087 0.919560 0.707874 0.919560 0.708661 0.918981 0.709449 0.919560 0.709449 0.920139 0.710236 0.921296 0.710236 0.921875 0.711024 0.922454 0.711024 0.923032 0.711811 0.923611 0.711024 0.932292 0.711024 0.932292 0.709449 0.932870 0.708661
0 0.908565 0.685039 0.908565 0.686614 0.907986 0.687402 0.907986 0.689764 0.907407 0.690551 0.907407 0.692126 0.907986 0.692913 0.907986 0.693701 0.908565 0.693701 0.909144 0.694488 0.910880 0.694488 0.911458 0.695276 0.912037 0.694488 0.912037 0.693701 0.912616 0.692913 0.912616 0.692126 0.913194 0.691339 0.913194 0.690551 0.913773 0.689764 0.913773 0.688189 0.913194 0.687402 0.913194 0.685039
0 0.881366 0.692126 0.880787 0.691339 0.880787 0.690551 0.877894 0.686614 0.876157 0.686614 0.875579 0.685827 0.874421 0.685827 0.873843 0.685039 0.868056 0.685039 0.867477 0.684252 0.866898 0.685039 0.851273 0.685039 0.850694 0.685827 0.849537 0.685827 0.847801 0.687402 0.846644 0.687402 0.845486 0.688976 0.844907 0.688976 0.843750 0.690551 0.843171 0.690551 0.839699 0.695276 0.839699 0.697638 0.840278 0.698425 0.840856 0.700787 0.841435 0.701575 0.842014 0.701575 0.843750 0.703937 0.843750 0.704724 0.844329 0.704724 0.844907 0.705512 0.846644 0.703150 0.848380 0.705512 0.850694 0.705512 0.851273 0.706299 0.853588 0.706299 0.854167 0.707087 0.854745 0.706299 0.857639 0.705512 0.862269 0.700787 0.864005 0.700787 0.864583 0.701575 0.865162 0.700787 0.866898 0.700000 0.866898 0.692913 0.866319 0.692913 0.865162 0.691339 0.863426 0.693701 0.862269 0.693701 0.860532 0.690551 0.860532 0.689764 0.861111 0.688976 0.872106 0.688976 0.872685 0.689764 0.873264 0.688976 0.875000 0.688976 0.876736 0.690551 0.877894 0.690551 0.880208 0.694488 0.881366 0.694488
0 0.916088 0.676378 0.916088 0.677165 0.915509 0.677953 0.915509 0.679528 0.914931 0.680315 0.914931 0.682677 0.915509 0.683465 0.915509 0.687402 0.916088 0.688189 0.916667 0.688189 0.917824 0.689764 0.919560 0.689764 0.920139 0.690551 0.920718 0.689764 0.920718 0.688976 0.921875 0.687402 0.921875 0.686614 0.922454 0.685827 0.922454 0.684252 0.921875 0.683465 0.921875 0.681102 0.921296 0.680315 0.921296 0.678740 0.920718 0.678740 0.919560 0.677165 0.918981 0.677165 0.918403 0.676378
0 0.902778 0.674803 0.902778 0.681890 0.902199 0.682677 0.902199 0.683465 0.901042 0.685039 0.901042 0.685827 0.899884 0.687402 0.899884 0.688189 0.899306 0.688976 0.899306 0.689764 0.898727 0.690551 0.898727 0.692913 0.898148 0.693701 0.898148 0.694488 0.898727 0.695276 0.898727 0.696063 0.899306 0.696850 0.899306 0.697638 0.899884 0.698425 0.900463 0.698425 0.901042 0.699213 0.901620 0.699213 0.902199 0.700000 0.904514 0.700000 0.905093 0.700787 0.906829 0.700787 0.907407 0.701575 0.908565 0.701575 0.909144 0.702362 0.910301 0.700787 0.909722 0.700000 0.909144 0.700000 0.907407 0.697638 0.906250 0.697638 0.905671 0.696850 0.905093 0.696850 0.902778 0.693701 0.902778 0.688189 0.903356 0.687402 0.903356 0.686614 0.903935 0.685827 0.903935 0.685039 0.904514 0.684252 0.904514 0.682677 0.905093 0.681890 0.905093 0.679528 0.905671 0.678740 0.905671 0.677953 0.905093 0.677165 0.905093 0.676378 0.904514 0.675591 0.904514 0.674803
0 0.912616 0.662992 0.912037 0.663780 0.910880 0.663780 0.910880 0.666929 0.911458 0.667717 0.911458 0.670866 0.912037 0.670866 0.912616 0.671654
0 0.836227 0.662992 0.836227 0.664567 0.835648 0.665354 0.835648 0.669291 0.836227 0.670079 0.836227 0.670866 0.836806 0.670866 0.837384 0.670079 0.838542 0.670079 0.838542 0.666142 0.837963 0.665354 0.837963 0.663780 0.836806 0.663780
0 0.755787 0.649606 0.754630 0.648031 0.751736 0.648031 0.751157 0.647244 0.751157 0.644094 0.751736 0.643307 0.751736 0.642520 0.751157 0.641732 0.751157 0.640945 0.750579 0.640945 0.749421 0.639370 0.745949 0.644094 0.743056 0.644094 0.739005 0.649606 0.738426 0.649606 0.737847 0.650394 0.738426 0.651181 0.738426 0.651969 0.739005 0.652756 0.740741 0.652756 0.741319 0.653543 0.742477 0.651969 0.743056 0.651969 0.743634 0.651181 0.752894 0.651181 0.753472 0.651969 0.755208 0.651969 0.755208 0.651181 0.755787 0.650394
0 0.828704 0.631496 0.826968 0.633858 0.827546 0.634646 0.827546 0.635433 0.828125 0.636220 0.828125 0.637795 0.828704 0.638583 0.828704 0.639370 0.829282 0.640157 0.829282 0.642520 0.829861 0.643307 0.829861 0.645669 0.829282 0.646457 0.829282 0.648819 0.830440 0.650394 0.831019 0.649606 0.831597 0.649606 0.832755 0.648031 0.833333 0.648031 0.833333 0.647244 0.832755 0.646457 0.832755 0.644882 0.832176 0.644094 0.832176 0.641732 0.831597 0.640945 0.831597 0.634646 0.831019 0.633858 0.831019 0.633071 0.830440 0.633071 0.829861 0.632283 0.829282 0.632283
0 0.881944 0.475591 0.880208 0.473228 0.878472 0.473228 0.877894 0.472441 0.877315 0.472441 0.876736 0.471654 0.872685 0.471654 0.871528 0.473228 0.871528 0.477165 0.870949 0.477953 0.870949 0.479528 0.870370 0.480315 0.870370 0.481102 0.870949 0.481890 0.870949 0.482677 0.871528 0.483465 0.871528 0.486614 0.873264 0.484252 0.873843 0.484252 0.874421 0.483465 0.874421 0.482677 0.875000 0.481890 0.875000 0.481102 0.876736 0.478740 0.877315 0.478740 0.878472 0.477165 0.881944 0.477165
0 0.859954 0.424409 0.859954 0.437008 0.860532 0.437795 0.860532 0.439370 0.861111 0.439370 0.861690 0.440157 0.862269 0.439370 0.862847 0.439370 0.862847 0.434646 0.862269 0.433858 0.862269 0.427559 0.861690 0.426772 0.861690 0.425197 0.860532 0.425197
0 0.943866 0.343307 0.939815 0.343307 0.936921 0.340157 0.930556 0.348031 0.926505 0.348819 0.924769 0.359055 0.931713 0.363780 0.937500 0.373228 0.925926 0.381102 0.912616 0.394488 0.905671 0.408661 0.896991 0.435433 0.891782 0.462205 0.887153 0.469291 0.877315 0.496850 0.864005 0.520472 0.854745 0.549606 0.855903 0.552756 0.846644 0.564567 0.845486 0.570079 0.848958 0.581102 0.853009 0.585827 0.858796 0.587402 0.866898 0.577953 0.869213 0.577953 0.870370 0.581102 0.866898 0.585039 0.868056 0.588189 0.884259 0.591339 0.897569 0.586614 0.899306 0.580315 0.904514 0.574016 0.905093 0.559055 0.910880 0.542520 0.916667 0.517323 0.922454 0.503937 0.929398 0.478740 0.937500 0.460630 0.948495 0.420472 0.961227 0.393701 0.961227 0.387402 0.957176 0.374016 0.953704 0.351181 0.947917 0.351181
