0 0.254051 0.994045 0.253472 0.994045 0.252315 0.993129 0.251736 0.993129 0.250579 0.992213 0.249421 0.993129 0.248843 0.993129 0.247685 0.994045 0.247685 0.994503 0.247106 0.994961 0.248843 0.996335 0.249421 0.995877 0.252315 0.995877 0.252894 0.995419 0.252894 0.994961
0 0.116898 0.991296 0.116898 0.993587 0.116319 0.994045 0.116319 0.994503 0.118634 0.994503 0.118634 0.994045 0.119213 0.993587 0.119213 0.991754 0.118056 0.991754 0.117477 0.991296
0 0.153935 0.986716 0.154514 0.987174 0.154514 0.987632 0.155093 0.988090 0.155093 0.988548 0.155671 0.989006 0.157407 0.989006 0.157986 0.988548 0.158565 0.988548 0.160301 0.987174 0.159722 0.986716 0.159722 0.986257 0.159144 0.985799 0.158565 0.985799 0.157407 0.984883 0.155093 0.984883 0.155093 0.985341 0.154514 0.985799 0.154514 0.986257
0 0.131366 0.968850 0.130787 0.968850 0.129630 0.967934 0.129051 0.967934 0.128472 0.967476 0.127894 0.967934 0.127894 0.968392 0.127315 0.968850 0.127315 0.969308 0.126736 0.969766 0.124421 0.969766 0.123264 0.970683 0.123264 0.972057 0.124421 0.972057 0.125000 0.972515 0.127315 0.972515 0.127894 0.972057 0.130208 0.972057 0.130208 0.971599 0.130787 0.971141 0.130787 0.969766 0.131366 0.969308
0 0.321759 0.962437 0.321181 0.962895 0.319444 0.962895 0.319444 0.964727 0.318866 0.965186 0.318866 0.966102 0.319444 0.966560 0.319444 0.967018 0.320602 0.966102 0.321181 0.966102 0.321759 0.965644 0.322917 0.965644 0.322917 0.964727 0.322338 0.964269 0.322338 0.963353 0.321759 0.962895
0 0.160301 0.954650 0.160301 0.956940 0.159722 0.957398 0.159722 0.957856 0.160301 0.958314 0.160301 0.958772 0.160880 0.959230 0.161458 0.958772 0.163773 0.958772 0.164931 0.957856 0.165509 0.957856 0.166088 0.958314 0.166088 0.958772 0.165509 0.959230 0.165509 0.959689 0.167245 0.959689 0.168403 0.958772 0.170718 0.958772 0.171296 0.959230 0.170718 0.959689 0.170718 0.960147 0.170139 0.960605 0.170139 0.961063 0.169560 0.961521 0.169560 0.963353 0.170718 0.963353 0.171296 0.963811 0.174769 0.963811 0.175347 0.963353 0.177083 0.963353 0.178819 0.961979 0.178819 0.961521 0.179398 0.961063 0.179398 0.960147 0.179977 0.959689 0.179977 0.959230 0.178819 0.959230 0.178241 0.958772 0.177662 0.958772 0.177083 0.958314 0.175926 0.958314 0.175347 0.957856 0.174769 0.957856 0.174190 0.957398 0.173611 0.957398 0.173032 0.956940 0.172454 0.956940 0.171875 0.956482 0.168981 0.956482 0.168403 0.956024 0.168403 0.955566 0.167824 0.955108 0.167824 0.954191 0.167245 0.954191 0.166667 0.953733 0.166088 0.953733 0.165509 0.953275 0.165509 0.953733 0.164352 0.954650
0 0.274884 0.943197 0.274306 0.943197 0.273148 0.942281 0.271991 0.942281 0.271412 0.941823 0.269676 0.941823 0.269097 0.941365 0.266782 0.941365 0.266204 0.940907 0.265046 0.941823 0.264468 0.941823 0.264468 0.943656 0.265625 0.944572 0.265625 0.945030 0.266204 0.945488 0.266204 0.945946 0.266782 0.946404 0.266782 0.946862 0.266204 0.947320 0.262731 0.944572 0.262153 0.944572 0.260995 0.943656 0.258681 0.943656 0.258102 0.943197 0.256366 0.943197 0.255787 0.942739 0.255787 0.943197 0.255208 0.943656 0.255208 0.946862 0.255787 0.947320 0.255787 0.947778 0.259259 0.950527 0.260417 0.950527 0.260995 0.950985 0.263310 0.950985 0.263889 0.951443 0.265046 0.950527 0.265625 0.950527 0.267361 0.949153 0.267940 0.949153 0.266204 0.947778 0.266204 0.947320 0.266782 0.946862 0.267940 0.946862 0.268519 0.947320 0.269097 0.947320 0.269676 0.947778 0.273148 0.947778 0.273148 0.947320 0.273727 0.946862 0.273727 0.946404 0.274306 0.945946 0.274306 0.944572 0.274884 0.944114
0 0.233218 0.933578 0.233796 0.933578 0.234375 0.934036 0.234375 0.934494 0.234954 0.934952 0.234954 0.935410 0.235532 0.935410 0.236111 0.935868 0.236111 0.936326 0.236690 0.936784 0.236690 0.937700 0.237269 0.937700 0.237847 0.938158 0.238426 0.938158 0.239583 0.939075 0.239583 0.938158 0.240162 0.937700 0.240162 0.936326 0.240741 0.935868 0.240741 0.934952 0.240162 0.934494 0.240162 0.934036 0.239583 0.933578 0.239583 0.933120 0.239005 0.932661 0.239005 0.932203 0.238426 0.931745 0.237847 0.932203 0.236690 0.932203 0.236111 0.932661 0.234954 0.932661 0.233796 0.933578
0 0.211806 0.928539 0.209491 0.930371 0.209491 0.931287 0.208912 0.931745 0.208912 0.933120 0.209491 0.933578 0.209491 0.934494 0.210648 0.935410 0.210648 0.935868 0.211227 0.936326 0.211806 0.935868 0.214120 0.935868 0.214120 0.933578 0.213542 0.933120 0.213542 0.932661 0.212963 0.932203 0.212963 0.931745 0.212384 0.931287 0.212384 0.930371 0.211806 0.929913
0 0.186921 0.943656 0.186921 0.938617 0.186343 0.938158 0.186343 0.936784 0.184028 0.933120 0.183449 0.930829 0.181713 0.928081 0.178819 0.929455 0.177662 0.929455 0.177083 0.928997 0.176505 0.929455 0.174769 0.929455 0.174190 0.931745 0.172454 0.933578 0.167245 0.933578 0.163773 0.932203 0.162616 0.932661 0.166088 0.935868 0.165509 0.936326 0.163194 0.936326 0.162616 0.935868 0.160880 0.935868 0.160301 0.935410 0.159144 0.935410 0.155671 0.934036 0.153935 0.934036 0.152778 0.934494 0.152778 0.935868 0.155093 0.936784 0.156250 0.936784 0.161458 0.939075 0.162037 0.940907 0.164931 0.944572 0.164931 0.946404 0.166088 0.947778 0.167245 0.946862 0.167824 0.946862 0.167245 0.945946 0.167245 0.944572 0.166667 0.944114 0.166667 0.943197 0.168403 0.940907 0.171875 0.940907 0.173611 0.939533 0.178241 0.944114 0.178241 0.945488 0.177662 0.945946 0.177662 0.948236 0.177083 0.948694 0.177083 0.949611 0.178241 0.950985 0.181134 0.950985 0.181713 0.951443 0.182292 0.950985
0 0.129051 0.923500 0.129051 0.925332 0.129630 0.925790 0.129630 0.926706 0.130208 0.926248 0.131366 0.926248 0.131366 0.923958 0.129630 0.923958
0 0.251736 0.921209 0.251736 0.921667 0.252315 0.922126 0.252315 0.922584 0.252894 0.923042 0.252894 0.923958 0.253472 0.924416 0.253472 0.925332 0.252894 0.925790 0.252315 0.925790 0.251736 0.926248 0.250579 0.926248 0.251736 0.927164 0.251736 0.927623 0.252894 0.928539 0.254630 0.928539 0.255208 0.928997 0.257523 0.928997 0.258102 0.929455 0.258681 0.928997 0.258681 0.928539 0.259838 0.927623 0.259838 0.927164 0.260417 0.926706 0.260417 0.926248 0.260995 0.925790 0.260995 0.925332 0.261574 0.924874 0.261574 0.921667 0.260995 0.921667 0.260417 0.921209 0.259838 0.921209 0.259259 0.920751 0.255208 0.920751 0.254630 0.921209
0 0.173611 0.902886 0.173032 0.903344 0.172454 0.903344 0.171875 0.903802 0.170718 0.903802 0.170718 0.906551 0.173611 0.906551 0.174190 0.907009 0.174190 0.904260 0.173611 0.903802
0 0.032986 0.906093 0.030093 0.906093 0.028935 0.905176 0.028935 0.904718 0.028356 0.904260 0.026620 0.904260 0.026042 0.903802 0.026042 0.903344 0.025463 0.902886 0.025463 0.902428 0.024306 0.901512 0.024306 0.901054 0.023727 0.900596 0.022569 0.901512 0.022569 0.901970 0.023148 0.902428 0.023148 0.903802 0.021991 0.904718 0.021412 0.904718 0.020833 0.905176 0.020255 0.905176 0.019676 0.905634 0.019097 0.905634 0.017940 0.906551 0.017361 0.906551 0.017361 0.907009 0.016782 0.907467 0.016782 0.907925 0.016204 0.908383 0.016204 0.909757 0.016782 0.910215 0.016782 0.910673 0.017361 0.911131 0.018519 0.910215 0.019097 0.910215 0.019676 0.909757 0.020255 0.909757 0.020833 0.909299 0.021412 0.909299 0.021991 0.908841 0.024306 0.908841 0.024884 0.909299 0.032407 0.909299 0.032407 0.908841 0.032986 0.908383
0 0.141204 0.899221 0.141204 0.899679 0.140625 0.900137 0.140625 0.902886 0.141204 0.903344 0.141204 0.906093 0.143519 0.906093 0.143519 0.901512 0.142361 0.900596 0.142361 0.900137
0 0.036458 0.898763 0.036458 0.899679 0.037037 0.900137 0.037037 0.902428 0.038194 0.903344 0.038773 0.902886 0.039352 0.902886 0.039931 0.902428 0.041088 0.902428 0.042824 0.901054 0.043403 0.901054 0.044560 0.900137 0.045139 0.900137 0.044560 0.899679 0.043981 0.899679 0.042824 0.898763 0.042245 0.898763 0.041667 0.898305 0.041088 0.898305 0.040509 0.897847 0.039931 0.898305 0.037616 0.898305 0.037037 0.897847 0.037037 0.898305
0 0.179398 0.743472 0.179398 0.750344 0.179977 0.750802 0.179977 0.752634 0.180556 0.752176 0.182870 0.752176 0.182870 0.749885 0.182292 0.749427 0.182292 0.746679 0.181713 0.746221 0.181713 0.745305 0.181134 0.744847 0.181134 0.744388 0.180556 0.744388
0 0.315972 0.689876 0.287616 0.688502 0.285301 0.699496 0.274306 0.699496 0.268519 0.705451 0.262153 0.705451 0.262153 0.710032 0.257523 0.719652 0.254630 0.721484 0.245370 0.746679 0.234375 0.766835 0.218171 0.785616 0.215856 0.791571 0.193287 0.813101 0.178819 0.836464 0.170718 0.841961 0.171296 0.847458 0.168403 0.850664 0.168981 0.853871 0.174769 0.858910 0.193866 0.857536 0.195023 0.860284 0.192130 0.861658 0.193866 0.863033 0.197338 0.861200 0.201389 0.862574 0.204282 0.861658 0.201968 0.868071 0.204282 0.868988 0.218171 0.866697 0.227431 0.858910 0.233796 0.857994 0.246528 0.849290 0.249421 0.843793 0.248264 0.838754 0.254630 0.823637 0.274306 0.795236 0.282986 0.775538 0.298032 0.754008 0.310185 0.728355 0.315972 0.721942 0.318287 0.715071 0.304977 0.712781 0.302662 0.706825 0.303819 0.703619 0.310185 0.704993 0.313657 0.700870 0.313657 0.693541
