0 0.269676 0.400000 0.255208 0.400000 0.251736 0.404082 0.248843 0.412245 0.250579 0.417143 0.248264 0.422857 0.248843 0.431020 0.245949 0.444082 0.245370 0.461224 0.242477 0.466939 0.228588 0.530612 0.221065 0.551020 0.211227 0.586122 0.204861 0.595918 0.204861 0.599184 0.208912 0.597551 0.206597 0.607347 0.203125 0.610612 0.207755 0.617959 0.207755 0.622041 0.204861 0.623673 0.205440 0.631837 0.208333 0.640816 0.210069 0.641633 0.210069 0.645714 0.206597 0.648980 0.207176 0.652245 0.209491 0.653061 0.211227 0.649796 0.219329 0.652245 0.224537 0.648163 0.228588 0.641633 0.233796 0.626939 0.244213 0.610612 0.248843 0.606531 0.261574 0.566531 0.267361 0.538776 0.284144 0.480000 0.291088 0.464490 0.292245 0.451429 0.296875 0.433469 0.295139 0.431837 0.293403 0.424490 0.289931 0.423673 0.288773 0.414694
0 0.252315 0.302041 0.251736 0.301224 0.251157 0.301224 0.250000 0.299592 0.249421 0.299592 0.248843 0.298776 0.248264 0.298776 0.245949 0.295510 0.245370 0.296327 0.242477 0.296327 0.244792 0.301224 0.244213 0.302041 0.239583 0.302041 0.237847 0.299592 0.237269 0.299592 0.236690 0.300408 0.236111 0.300408 0.234375 0.302041 0.233218 0.302041 0.232060 0.304490 0.232060 0.307755 0.231481 0.308571 0.231481 0.309388 0.232639 0.311020 0.232639 0.314286 0.232060 0.315102 0.232060 0.324082 0.231481 0.324898 0.231481 0.326531 0.236111 0.326531 0.236690 0.327347 0.243634 0.327347 0.244213 0.328163 0.245370 0.326531 0.245949 0.326531 0.247106 0.324898 0.247685 0.324898 0.247685 0.321633 0.248264 0.320816 0.248264 0.314286 0.248843 0.313469 0.248843 0.311837 0.250579 0.309388 0.250579 0.307755 0.251157 0.306939 0.251157 0.306122 0.252315 0.303673
0 0.222801 0.292245 0.223380 0.293061 0.223958 0.293061 0.225694 0.295510 0.225694 0.296327 0.227431 0.296327 0.228009 0.297143 0.229167 0.297143 0.229745 0.297959 0.230324 0.297143 0.230903 0.297143 0.232060 0.295510 0.233218 0.295510 0.234954 0.293061 0.234954 0.292245 0.235532 0.291429 0.234954 0.290612 0.234954 0.289796 0.233796 0.289796 0.233218 0.288980 0.232639 0.288980 0.232060 0.288163 0.230903 0.288163 0.230324 0.287347 0.226852 0.287347 0.225694 0.288980 0.225116 0.288980 0.224537 0.289796 0.223958 0.289796 0.223380 0.290612 0.223380 0.291429
0 0.291667 0.296327 0.289931 0.294694 0.288773 0.294694 0.288194 0.293878 0.287616 0.293878 0.287037 0.293061 0.287037 0.292245 0.284722 0.288980 0.284144 0.289796 0.283565 0.289796 0.282407 0.288163 0.282407 0.287347 0.281829 0.286531 0.278356 0.286531 0.278356 0.288163 0.277778 0.288980 0.277778 0.289796 0.278935 0.291429 0.278935 0.292245 0.279514 0.293061 0.279514 0.294694 0.278356 0.297143 0.275463 0.297143 0.274884 0.297959 0.274884 0.298776 0.273727 0.300408 0.273727 0.302041 0.272569 0.303673 0.270833 0.302041 0.269676 0.302041 0.269097 0.301224 0.266204 0.301224 0.265625 0.300408 0.265046 0.301224 0.261574 0.301224 0.261574 0.303673 0.262153 0.304490 0.262731 0.304490 0.264468 0.306939 0.264468 0.308571 0.265046 0.309388 0.265046 0.311837 0.266204 0.313469 0.267940 0.313469 0.269676 0.315102 0.270833 0.315102 0.271991 0.316735 0.278935 0.316735 0.279514 0.315918 0.280671 0.315918 0.281250 0.315102 0.282986 0.314286 0.282986 0.313469 0.288194 0.306122 0.288773 0.306122 0.289931 0.304490 0.290509 0.304490 0.291088 0.303673 0.291088 0.302857 0.291667 0.302041
0 0.186343 0.271837 0.185764 0.272653 0.184028 0.272653 0.184606 0.273469 0.184606 0.274286 0.185185 0.275102 0.185185 0.275918 0.185764 0.276735 0.186343 0.275918 0.186921 0.275918 0.187500 0.275102 0.187500 0.274286 0.186921 0.273469 0.186921 0.272653
0 0.283565 0.271020 0.283565 0.273469 0.284722 0.275102 0.284722 0.275918 0.285301 0.276735 0.285301 0.277551 0.285880 0.278367 0.286458 0.278367 0.287616 0.280000 0.291088 0.280000 0.292824 0.277551 0.292824 0.274286 0.292245 0.273469 0.292245 0.272653 0.291667 0.271837 0.289931 0.271837 0.289352 0.271020 0.286458 0.271020 0.285880 0.270204 0.285301 0.271020
0 0.176505 0.264490 0.175347 0.264490 0.174190 0.266122 0.173611 0.266122 0.172454 0.267755 0.172454 0.271020 0.173032 0.271837 0.173032 0.272653 0.173611 0.272653 0.174190 0.273469 0.174769 0.272653 0.175926 0.272653 0.176505 0.271837 0.176505 0.269388 0.177083 0.268571 0.177083 0.267755 0.176505 0.266939
0 0.307870 0.251429 0.305556 0.254694 0.305556 0.257959 0.306134 0.258776 0.306713 0.258776 0.307870 0.260408 0.307870 0.259592 0.309606 0.257143 0.309606 0.253878
0 0.232060 0.228571 0.232639 0.229388 0.232639 0.230204 0.233218 0.230204 0.233796 0.231020 0.234375 0.231020 0.234954 0.231837 0.240162 0.231837 0.239583 0.231020 0.239583 0.230204 0.239005 0.229388 0.239005 0.228571 0.237847 0.226939 0.237269 0.226939 0.236111 0.225306 0.235532 0.226122 0.234375 0.226122 0.233218 0.227755 0.232639 0.227755
0 0.289352 0.209796 0.288773 0.210612 0.288773 0.217959 0.292245 0.217959 0.292824 0.218776 0.293403 0.217959 0.293981 0.217959 0.295139 0.216327 0.295139 0.212245 0.294560 0.212245 0.293403 0.210612 0.291667 0.210612 0.291088 0.209796
