0 0.901620 0.635210 0.902199 0.636003 0.902199 0.636796 0.902778 0.636796 0.903356 0.637589 0.905671 0.637589 0.905093 0.637589 0.904514 0.636796 0.904514 0.636003 0.905093 0.635210 0.905093 0.633624 0.902778 0.633624
0 0.851273 0.561459 0.850694 0.562252 0.850694 0.563045 0.850116 0.563838 0.850116 0.564631 0.849537 0.565424 0.849537 0.567010 0.848958 0.567803 0.848958 0.570182 0.848380 0.570975 0.848380 0.572561 0.847801 0.573354 0.847801 0.574148 0.846644 0.575734 0.846644 0.578113 0.846065 0.578906 0.846065 0.579699 0.845486 0.580492 0.845486 0.581285 0.844907 0.582078 0.846065 0.583664 0.847222 0.582078 0.847801 0.582078 0.850116 0.578906 0.850116 0.578113 0.850694 0.577320 0.850694 0.576527 0.851273 0.575734 0.851273 0.574941 0.851852 0.574148 0.851852 0.573354 0.852431 0.572561 0.852431 0.563045
0 0.798032 0.557494 0.796875 0.555908 0.795139 0.555908 0.794560 0.556701 0.792824 0.556701 0.791667 0.558287 0.789931 0.558287 0.789352 0.557494 0.789352 0.558287 0.788773 0.559080 0.788773 0.563838 0.789931 0.565424 0.791667 0.565424 0.792245 0.564631 0.792245 0.563838 0.792824 0.563045 0.793403 0.563045 0.793981 0.563838 0.796875 0.563838 0.797454 0.564631 0.797454 0.563838 0.798032 0.563045 0.798032 0.562252 0.798611 0.561459 0.798611 0.559873 0.798032 0.559080
0 0.946181 0.547185 0.945023 0.548771 0.945023 0.549564 0.944444 0.550357 0.944444 0.553529 0.945023 0.554322 0.945023 0.555115 0.945602 0.555908 0.945602 0.556701 0.946181 0.557494 0.946181 0.559080 0.946759 0.559873 0.946759 0.560666 0.947917 0.562252 0.948495 0.561459 0.948495 0.560666 0.949074 0.559873 0.949074 0.555908 0.950810 0.553529 0.950810 0.551943 0.950231 0.551943 0.949074 0.550357 0.949074 0.549564 0.948495 0.548771 0.948495 0.547978 0.946759 0.547978
0 0.833912 0.529738 0.832176 0.532117 0.831597 0.532117 0.830440 0.533703 0.828704 0.533703 0.828125 0.532910 0.827546 0.532910 0.826968 0.532117 0.825231 0.532117 0.824653 0.531324 0.824653 0.532117 0.824074 0.532910 0.824074 0.533703 0.823495 0.534496 0.823495 0.536082 0.822917 0.536875 0.822917 0.547185 0.823495 0.547978 0.823495 0.549564 0.824074 0.549564 0.824653 0.550357 0.826389 0.550357 0.826968 0.551150 0.828125 0.549564 0.828704 0.549564 0.829282 0.548771 0.829282 0.547185 0.829861 0.546392 0.829861 0.544806 0.830440 0.544013 0.830440 0.543220 0.831019 0.542427 0.830440 0.541634 0.830440 0.540048 0.831019 0.539255 0.831019 0.538462 0.832176 0.536875 0.832755 0.536875 0.833333 0.537669 0.833333 0.536875 0.833912 0.536082 0.833912 0.535289 0.834491 0.534496 0.834491 0.532910 0.833912 0.532117
0 0.913773 0.524980 0.913773 0.526566 0.914352 0.527359 0.914352 0.529738 0.914931 0.530531 0.914931 0.531324 0.915509 0.532117 0.916088 0.531324 0.916667 0.531324 0.916667 0.528945 0.916088 0.528152 0.916088 0.524980
0 0.829282 0.515464 0.828704 0.514671 0.827546 0.514671 0.826968 0.513878 0.825231 0.513878 0.824653 0.514671 0.824074 0.514671 0.823495 0.515464 0.823495 0.516257 0.822917 0.517050 0.822917 0.520222 0.822338 0.521015 0.822338 0.521808 0.821759 0.522601 0.822338 0.521808 0.826389 0.521808 0.826968 0.522601 0.828125 0.522601 0.829282 0.521015 0.829861 0.521015 0.830440 0.520222 0.830440 0.519429 0.829861 0.518636 0.829861 0.517050 0.829282 0.516257
0 0.944444 0.501190 0.945023 0.501983 0.945023 0.502776 0.947338 0.502776 0.947917 0.503569 0.950810 0.503569 0.951389 0.504362 0.951968 0.504362 0.952546 0.505155 0.953125 0.505155 0.953704 0.505948 0.954282 0.505948 0.954861 0.506741 0.956019 0.506741 0.956597 0.507534 0.956597 0.506741 0.957176 0.505948 0.957176 0.505155 0.956597 0.504362 0.956019 0.504362 0.954282 0.501983 0.954282 0.500397 0.956019 0.498017 0.956597 0.498017 0.956597 0.496431 0.952546 0.496431 0.951968 0.497224 0.950231 0.497224 0.949653 0.498017 0.947917 0.498017 0.947338 0.498810 0.946759 0.498810 0.946181 0.499603 0.945602 0.499603
0 0.898148 0.495638 0.898148 0.498017 0.902199 0.498017 0.902199 0.494845 0.900463 0.494845 0.899884 0.494052 0.898727 0.495638
0 0.946181 0.486122 0.945023 0.484536 0.945023 0.483743 0.944444 0.483743 0.943287 0.482157 0.943287 0.481364 0.942708 0.480571 0.940972 0.480571 0.940394 0.481364 0.938657 0.481364 0.938079 0.482157 0.934606 0.482157 0.934028 0.482950 0.933449 0.482950 0.932870 0.483743 0.932292 0.483743 0.931713 0.484536 0.931134 0.484536 0.929977 0.486122 0.929398 0.486122 0.928241 0.487708 0.928241 0.488501 0.927083 0.490087 0.927083 0.490880 0.925926 0.492466 0.925347 0.492466 0.925926 0.492466 0.927083 0.494052 0.928819 0.494052 0.929977 0.495638 0.934028 0.495638 0.934606 0.494845 0.935764 0.494845 0.936343 0.494052 0.937500 0.494052 0.938079 0.493259 0.939236 0.493259 0.939815 0.492466 0.940972 0.492466 0.941551 0.491673 0.943866 0.491673 0.944444 0.490880 0.944444 0.490087 0.945023 0.489294 0.945023 0.488501 0.945602 0.487708 0.945602 0.486915
0 0.903356 0.472641 0.903356 0.475813 0.903935 0.476606 0.904514 0.475813 0.905671 0.475813 0.905671 0.475020 0.905093 0.474227 0.905093 0.473434 0.904514 0.472641
0 0.977431 0.471055 0.976273 0.471055 0.975694 0.470262 0.975694 0.469469 0.975116 0.468676 0.975116 0.465504 0.974537 0.464711 0.972801 0.464711 0.972222 0.463918 0.972222 0.463125 0.971644 0.462331 0.971644 0.458366 0.971065 0.458366 0.969907 0.456780 0.969329 0.457573 0.968171 0.457573 0.967593 0.458366 0.967014 0.458366 0.966435 0.459159 0.965856 0.459159 0.965278 0.459952 0.964699 0.459952 0.964120 0.460745 0.961227 0.460745 0.960069 0.462331 0.959491 0.462331 0.958333 0.463918 0.958333 0.464711 0.957755 0.465504 0.957755 0.466297 0.957176 0.467090 0.957755 0.467883 0.957755 0.468676 0.958912 0.470262 0.959491 0.470262 0.961806 0.473434 0.961806 0.474227 0.962384 0.475020 0.965856 0.475020 0.966435 0.475813 0.967593 0.475813 0.968171 0.476606 0.969907 0.476606 0.971065 0.475020 0.971065 0.474227 0.972222 0.472641 0.972801 0.472641 0.973380 0.473434 0.975116 0.473434 0.975694 0.474227 0.976852 0.472641 0.977431 0.472641
0 0.755787 0.187946 0.752315 0.192704 0.750579 0.206979 0.752894 0.237113 0.761574 0.267248 0.769676 0.289453 0.785301 0.319588 0.804398 0.343378 0.817130 0.368755 0.821759 0.373513 0.822338 0.379064 0.826389 0.385408 0.833912 0.409992 0.840278 0.422680 0.847801 0.432197 0.864583 0.439334 0.868056 0.438541 0.866319 0.432197 0.866898 0.418715 0.875000 0.427439 0.887731 0.426646 0.890046 0.424266 0.892361 0.417129 0.892940 0.395718 0.890625 0.381443 0.892940 0.366376 0.889468 0.357653 0.869792 0.337827 0.866898 0.340999 0.855324 0.329104 0.841435 0.319588 0.822917 0.291832 0.796875 0.229976 0.791667 0.211737 0.788194 0.207772 0.777199 0.207772 0.772569 0.199841 0.760995 0.194290 0.758681 0.187946
