0 0.233218 0.593651 0.230324 0.600794 0.232060 0.610317 0.230324 0.618254 0.231481 0.622222 0.235532 0.626190 0.243056 0.643651 0.250579 0.653175 0.263889 0.678571 0.275463 0.707143 0.286458 0.727778 0.306134 0.779365 0.309028 0.794444 0.307870 0.796825 0.313079 0.800000 0.314815 0.806349 0.319444 0.810317 0.320023 0.817460 0.331019 0.819048 0.342014 0.817460 0.341435 0.815079 0.336227 0.814286 0.332176 0.806349 0.324074 0.803175 0.324653 0.796825 0.328704 0.795238 0.330440 0.788889 0.332755 0.768254 0.329861 0.757937 0.332176 0.753175 0.328125 0.749206 0.328704 0.746032 0.322917 0.730952 0.322917 0.725397 0.316551 0.711111 0.295718 0.626190 0.293403 0.626984 0.292245 0.620635 0.278356 0.589683 0.267940 0.580952 0.261574 0.578571 0.254051 0.582540 0.255208 0.596032 0.251157 0.588889 0.243634 0.587302 0.243634 0.595238
0 0.074653 0.564286 0.075231 0.564286 0.076389 0.565873 0.078704 0.565873 0.079282 0.565079 0.077546 0.562698 0.076968 0.562698 0.076389 0.561905
0 0.155671 0.552381 0.155671 0.553968 0.156250 0.554762 0.156250 0.556349 0.156829 0.557143 0.156829 0.557937 0.157407 0.558730 0.157407 0.559524 0.157986 0.560317 0.157986 0.561111 0.158565 0.561905 0.158565 0.562698 0.160301 0.565079 0.162616 0.565079 0.163194 0.564286 0.166667 0.564286 0.167824 0.562698 0.168403 0.562698 0.168981 0.561905 0.168981 0.560317 0.168403 0.559524 0.168403 0.555556 0.167824 0.554762 0.167824 0.553175 0.167245 0.552381 0.167245 0.551587 0.166667 0.551587 0.165509 0.550000 0.164352 0.550000 0.163773 0.549206 0.163194 0.549206 0.162037 0.547619 0.159144 0.547619 0.158565 0.548413 0.158565 0.549206 0.156250 0.552381
0 0.136574 0.543651 0.135995 0.544444 0.135995 0.545238 0.133681 0.548413 0.133681 0.550000 0.133102 0.550794 0.133102 0.551587 0.133681 0.552381 0.133681 0.553175 0.134259 0.553968 0.134259 0.554762 0.137731 0.554762 0.138310 0.555556 0.138889 0.554762 0.139468 0.554762 0.140625 0.553175 0.141204 0.553175 0.141204 0.552381 0.140625 0.551587 0.140625 0.550000 0.140046 0.549206 0.140046 0.548413 0.139468 0.547619 0.139468 0.546825 0.138889 0.546032 0.138310 0.546032
0 0.206019 0.510317 0.205440 0.509524 0.205440 0.507143 0.204861 0.506349 0.204861 0.505556 0.204282 0.505556 0.203704 0.504762 0.203125 0.504762 0.202546 0.503968 0.197917 0.503968 0.197338 0.504762 0.184606 0.504762 0.184028 0.505556 0.183449 0.505556 0.182870 0.506349 0.181713 0.506349 0.180556 0.507937 0.180556 0.512698 0.181134 0.513492 0.181134 0.514286 0.181713 0.515079 0.181713 0.515873 0.182870 0.517460 0.182870 0.518254 0.184028 0.519841 0.184606 0.519841 0.186343 0.522222 0.186921 0.522222 0.188657 0.524603 0.189236 0.524603 0.190972 0.526984 0.191551 0.526190 0.192708 0.526190 0.193287 0.525397 0.195023 0.525397 0.195602 0.524603 0.197338 0.524603 0.197917 0.523810 0.199074 0.523810 0.199653 0.523016 0.201389 0.523016 0.201389 0.522222 0.201968 0.521429 0.201968 0.519841 0.202546 0.519048 0.202546 0.518254 0.203125 0.517460 0.203704 0.517460 0.204282 0.516667 0.204861 0.516667 0.203704 0.515079 0.204282 0.514286 0.206019 0.514286
0 0.090278 0.496825 0.090278 0.500794 0.091435 0.502381 0.092014 0.502381 0.092593 0.503175 0.093171 0.503175 0.093750 0.503968 0.094907 0.502381 0.095486 0.502381 0.095486 0.500794 0.096065 0.500000 0.096065 0.498413 0.095486 0.497619 0.094907 0.497619 0.094329 0.496825 0.093750 0.497619 0.092593 0.497619 0.091435 0.496032 0.090856 0.496825
0 0.175347 0.489683 0.175926 0.490476 0.175926 0.491270 0.178241 0.491270 0.178819 0.492063 0.179398 0.492063 0.180556 0.493651 0.180556 0.494444 0.181134 0.495238 0.181134 0.496032 0.180556 0.496825 0.179398 0.496825 0.178819 0.497619 0.178241 0.497619 0.177662 0.498413 0.177083 0.498413 0.177083 0.500000 0.178819 0.500000 0.179398 0.500794 0.182292 0.500794 0.182870 0.500000 0.184028 0.500000 0.184606 0.499206 0.185764 0.499206 0.186343 0.498413 0.186343 0.497619 0.187500 0.496032 0.187500 0.492857 0.186921 0.492063 0.186921 0.491270 0.186343 0.490476 0.185185 0.490476 0.184606 0.489683 0.183449 0.489683 0.182870 0.488889 0.177083 0.488889 0.176505 0.488095
0 0.285301 0.480159 0.285301 0.484127 0.287037 0.486508 0.287037 0.487302 0.287616 0.486508 0.289352 0.486508 0.289352 0.485714 0.289931 0.484921 0.289931 0.480952 0.289352 0.480952 0.288773 0.480159
0 0.289931 0.457143 0.287616 0.460317 0.287037 0.460317 0.286458 0.461111 0.285301 0.461111 0.285301 0.461905 0.285880 0.462698 0.285880 0.466667 0.288194 0.469841 0.288773 0.469048 0.290509 0.469048 0.291667 0.467460 0.292245 0.467460 0.292245 0.466667 0.292824 0.465873 0.292824 0.464286 0.293403 0.463492 0.293403 0.462698 0.292824 0.461905 0.292824 0.460317 0.292245 0.459524 0.292245 0.458730 0.291667 0.457937 0.290509 0.457937
0 0.191551 0.454762 0.190394 0.454762 0.189815 0.453968 0.188657 0.453968 0.188657 0.457143 0.188079 0.457937 0.188079 0.459524 0.187500 0.460317 0.187500 0.461111 0.188079 0.461111 0.188657 0.461905 0.189236 0.461111 0.190972 0.461111 0.192130 0.459524 0.192708 0.459524 0.192708 0.458730 0.192130 0.457937 0.192130 0.456349 0.191551 0.455556
0 0.140625 0.436508 0.139468 0.436508 0.138889 0.435714 0.138889 0.436508 0.135995 0.440476 0.135417 0.440476 0.133681 0.442857 0.133102 0.442857 0.133681 0.443651 0.133681 0.444444 0.134259 0.445238 0.133681 0.446032 0.132523 0.446032 0.131944 0.446825 0.130787 0.446825 0.130787 0.448413 0.130208 0.449206 0.130208 0.450794 0.130787 0.451587 0.130787 0.453175 0.131944 0.453175 0.132523 0.452381 0.133102 0.452381 0.133102 0.451587 0.133681 0.450794 0.133681 0.448413 0.134259 0.447619 0.133681 0.446825 0.133681 0.446032 0.134259 0.445238 0.135417 0.446825 0.138310 0.446825 0.139468 0.445238 0.140046 0.445238 0.141204 0.443651 0.141782 0.443651 0.141782 0.442857 0.142361 0.442063 0.141782 0.441270 0.141782 0.440476 0.141204 0.439683 0.141204 0.438095 0.140625 0.437302
