0 0.391204 0.543210 0.387153 0.546811 0.387153 0.550412 0.388310 0.551440 0.388310 0.551955 0.389468 0.552984 0.388310 0.554012 0.388310 0.554527 0.387153 0.555556 0.387153 0.556070 0.386574 0.556584 0.386574 0.557099 0.385995 0.557613 0.385995 0.558128 0.385417 0.558642 0.385417 0.559156 0.384838 0.559671 0.384838 0.560700 0.384259 0.561214 0.384259 0.562757 0.383681 0.563272 0.383681 0.563786 0.384259 0.563272 0.384838 0.563272 0.385417 0.562757 0.386574 0.562757 0.387731 0.561728 0.388310 0.561728 0.390046 0.560185 0.390625 0.560185 0.391204 0.559671 0.391204 0.559156 0.391782 0.558642 0.391782 0.557099 0.392361 0.556584 0.392361 0.555556 0.392940 0.555041 0.392940 0.553498 0.392361 0.552984 0.392361 0.550926 0.391782 0.550412 0.391782 0.548868 0.393519 0.547325 0.393519 0.546811 0.394676 0.545782 0.393519 0.544753 0.392940 0.544753
0 0.570023 0.511317 0.569444 0.510802 0.569444 0.510288 0.568866 0.509774 0.568866 0.509259 0.568287 0.508745 0.567708 0.509259 0.566551 0.509259 0.565972 0.509774 0.565394 0.509774 0.564236 0.510802 0.563657 0.510802 0.563079 0.511317 0.562500 0.511317 0.561921 0.511831 0.561343 0.511831 0.560764 0.512346 0.560185 0.512346 0.559606 0.512860 0.559028 0.512860 0.557870 0.513889 0.557292 0.513889 0.556134 0.514918 0.555556 0.514918 0.554977 0.515432 0.554398 0.515432 0.553819 0.515947 0.552662 0.515947 0.551505 0.516975 0.550926 0.516975 0.549769 0.518004 0.549190 0.518004 0.548032 0.519033 0.547454 0.519033 0.546875 0.519547 0.546296 0.519547 0.545718 0.520062 0.545139 0.520062 0.543403 0.521605 0.542824 0.521605 0.541667 0.522634 0.542824 0.523663 0.542824 0.524177 0.543981 0.525206 0.544560 0.525206 0.545139 0.525720 0.545139 0.525206 0.546296 0.524177 0.546296 0.523663 0.548032 0.522119 0.548611 0.522119 0.549769 0.521091 0.550347 0.521091 0.551505 0.520062 0.552083 0.520062 0.553241 0.519033 0.553819 0.519033 0.554398 0.518519 0.554977 0.518519 0.555556 0.518004 0.556134 0.518004 0.556713 0.517490 0.557870 0.517490 0.558449 0.516975 0.559028 0.516975 0.559606 0.516461 0.560185 0.516461 0.561343 0.515432 0.561921 0.515432 0.562500 0.514918 0.563079 0.514918 0.563657 0.514403 0.564236 0.514403 0.565394 0.513374 0.565972 0.513374 0.566551 0.512860 0.567130 0.512860 0.567708 0.512346 0.568287 0.512346 0.569444 0.511317
0 0.430556 0.483539 0.428819 0.483539 0.428241 0.483025 0.428241 0.484053 0.427662 0.484568 0.427662 0.486626 0.427083 0.487140 0.427083 0.489712 0.426505 0.490226 0.426505 0.492284 0.425926 0.492798 0.425926 0.494856 0.425347 0.495370 0.425347 0.496914 0.424769 0.497428 0.424190 0.501029 0.423611 0.501543 0.423611 0.502572 0.422454 0.504115 0.422454 0.505144 0.420718 0.507202 0.420139 0.507202 0.418981 0.508230 0.418403 0.508230 0.417245 0.509259 0.416667 0.509259 0.416667 0.509774 0.413773 0.514403 0.413773 0.514918 0.414352 0.514918 0.416088 0.515947 0.417824 0.514918 0.418981 0.514918 0.419560 0.514403 0.420139 0.514403 0.420718 0.513889 0.421875 0.513889 0.422454 0.513374 0.423611 0.513374 0.427662 0.515432 0.428241 0.514918 0.431134 0.514403 0.430556 0.511831 0.433449 0.509259 0.431134 0.505658 0.431134 0.504630 0.431713 0.504115 0.432292 0.502572 0.433449 0.501543 0.434028 0.501543 0.436343 0.500000 0.438079 0.499486 0.438657 0.496914 0.437500 0.496914 0.436921 0.496399 0.435764 0.496399 0.435185 0.495885 0.434606 0.496399 0.431713 0.497428 0.430556 0.498457 0.429977 0.498457 0.428241 0.499486 0.427662 0.498971 0.427662 0.494856 0.428241 0.494342 0.428241 0.492798 0.428819 0.492284 0.428819 0.490741 0.429398 0.490226 0.429398 0.488169 0.429977 0.487654 0.429977 0.485082 0.430556 0.484568
0 0.401620 0.457305 0.401620 0.459362 0.401042 0.459877 0.401042 0.462963 0.400463 0.463477 0.400463 0.465021 0.399884 0.465535 0.399884 0.467078 0.399306 0.467593 0.399306 0.468107 0.392940 0.473765 0.392940 0.474280 0.391782 0.475309 0.391782 0.475823 0.390625 0.476852 0.390625 0.477366 0.388310 0.479424 0.387731 0.479424 0.384838 0.481996 0.384259 0.481996 0.381944 0.484053 0.381366 0.484053 0.379630 0.485597 0.379051 0.485597 0.375579 0.488683 0.375579 0.489712 0.375000 0.490226 0.375000 0.491770 0.374421 0.492284 0.374421 0.492798 0.375000 0.492284 0.376736 0.492284 0.385995 0.486111 0.398148 0.486111 0.398727 0.485597 0.399884 0.485597 0.400463 0.485082 0.402199 0.485082 0.402199 0.480967 0.401620 0.480453 0.401620 0.474280 0.402199 0.473765 0.402199 0.470165 0.402778 0.469650 0.402778 0.467593 0.403356 0.467078 0.403356 0.465535 0.403935 0.465021 0.403935 0.463992 0.404514 0.463477 0.404514 0.459362 0.403935 0.458848 0.403356 0.458848
0 0.318866 0.450617 0.315972 0.454218 0.317130 0.460391 0.328125 0.484568 0.332176 0.490741 0.345486 0.504115 0.350116 0.512860 0.355324 0.517490 0.347222 0.514918 0.333333 0.507202 0.330440 0.509259 0.355324 0.522634 0.379051 0.532407 0.396412 0.543210 0.400463 0.547325 0.403935 0.556070 0.416088 0.568416 0.410880 0.571502 0.407986 0.575617 0.423611 0.567387 0.416667 0.564300 0.415509 0.560700 0.408565 0.556070 0.406250 0.546296 0.396991 0.538066 0.387153 0.531893 0.364005 0.522119 0.366319 0.521605 0.376736 0.525206 0.388889 0.524177 0.393519 0.522119 0.373264 0.497428 0.366319 0.482510 0.350116 0.456790 0.344329 0.442901
0 0.348380 0.435700 0.348958 0.435700 0.349537 0.436214 0.350694 0.436214 0.351273 0.436728 0.351852 0.436728 0.352431 0.437243 0.353009 0.437243 0.353588 0.437757 0.354167 0.437757 0.354745 0.438272 0.355324 0.438272 0.355903 0.438786 0.356481 0.438786 0.357060 0.439300 0.357639 0.439300 0.358218 0.439815 0.358796 0.439815 0.359375 0.440329 0.359954 0.440329 0.360532 0.440844 0.361111 0.440844 0.361690 0.441358 0.362269 0.441358 0.362847 0.441872 0.363426 0.441872 0.364005 0.442387 0.365741 0.442387 0.366319 0.442901 0.368056 0.442901 0.368634 0.443416 0.369792 0.443416 0.370370 0.443930 0.372106 0.443930 0.372685 0.444444 0.373264 0.443930 0.373264 0.443416 0.374421 0.442387 0.373843 0.442387 0.372685 0.441358 0.372106 0.441358 0.371528 0.440844 0.370949 0.440844 0.369792 0.439815 0.369213 0.439815 0.368634 0.439300 0.368056 0.439300 0.366898 0.438272 0.366319 0.438272 0.365741 0.437757 0.365162 0.437757 0.364005 0.436728 0.363426 0.436728 0.362847 0.436214 0.361690 0.436214 0.361111 0.435700 0.360532 0.435700 0.359954 0.435185 0.358796 0.435185 0.358218 0.434671 0.357060 0.434671 0.356481 0.434156 0.355903 0.434156 0.355324 0.433642 0.354167 0.433642 0.353588 0.433128 0.353009 0.433128 0.352431 0.432613 0.351273 0.432613 0.350694 0.432099 0.350116 0.432613 0.350116 0.433128 0.349537 0.433642 0.349537 0.434156 0.348958 0.434671 0.348958 0.435185
0 0.358796 0.424383 0.359375 0.430556 0.368634 0.435700 0.375000 0.438272 0.385417 0.440329 0.395255 0.445473 0.409144 0.448560 0.447917 0.462449 0.467014 0.470679 0.467014 0.465021 0.438657 0.451646 0.385995 0.434671 0.374421 0.429012 0.370949 0.429012
0 0.313657 0.421296 0.309606 0.421296 0.309606 0.426955 0.309028 0.427469 0.309028 0.441872 0.309606 0.442387 0.309606 0.449074 0.310185 0.448560 0.313079 0.448560 0.313079 0.422325 0.313657 0.421811
0 0.412037 0.407922 0.411458 0.408436 0.410880 0.409979 0.411458 0.410494 0.411458 0.411008 0.412037 0.411523 0.412616 0.413066 0.413773 0.414095 0.413773 0.414609 0.416088 0.416667 0.416088 0.417181 0.418403 0.419239 0.418403 0.419753 0.420718 0.421811 0.420718 0.422325 0.422454 0.423868 0.422454 0.424383 0.423032 0.424897 0.423032 0.425412 0.423611 0.425926 0.423611 0.426440 0.424190 0.426955 0.424190 0.427469 0.424769 0.427984 0.424769 0.428498 0.425347 0.429012 0.425347 0.429527 0.425926 0.430041 0.425926 0.430556 0.426505 0.431070 0.426505 0.431584 0.427083 0.432099 0.427083 0.432613 0.427662 0.433128 0.428241 0.434671 0.429398 0.435700 0.429398 0.436214 0.429977 0.436728 0.429977 0.437243 0.431134 0.438272 0.431713 0.439815 0.432292 0.440329 0.432870 0.439815 0.433449 0.439815 0.434606 0.438786 0.435185 0.438786 0.435185 0.438272 0.434606 0.437757 0.434606 0.437243 0.434028 0.436728 0.434028 0.436214 0.433449 0.435700 0.433449 0.435185 0.432870 0.434671 0.432870 0.434156 0.432292 0.433642 0.432292 0.433128 0.431713 0.432613 0.431713 0.432099 0.431134 0.431584 0.431134 0.431070 0.430556 0.430556 0.429977 0.429012 0.428819 0.427984 0.428819 0.427469 0.428241 0.426955 0.428241 0.426440 0.427083 0.425412 0.426505 0.423868 0.424769 0.422325 0.424769 0.421811 0.423032 0.420267 0.423032 0.419753 0.421296 0.418210 0.421296 0.417695 0.418981 0.415638 0.418981 0.415123 0.417245 0.413580 0.417245 0.413066 0.415509 0.411523 0.415509 0.411008
0 0.468750 0.376029 0.468171 0.376029 0.466435 0.377058 0.465278 0.377058 0.463542 0.378086 0.462384 0.378086 0.460648 0.379115 0.459491 0.379115 0.458912 0.379630 0.458333 0.379630 0.456597 0.380658 0.455440 0.380658 0.453704 0.381687 0.452546 0.381687 0.450810 0.382716 0.449653 0.382716 0.447917 0.383745 0.446759 0.383745 0.446181 0.384259 0.445602 0.384259 0.445023 0.384774 0.439815 0.386831 0.436343 0.390432 0.436921 0.390947 0.438657 0.394547 0.445023 0.400206 0.445023 0.400720 0.448495 0.403807 0.448495 0.404321 0.451389 0.406893 0.451968 0.406893 0.458333 0.412037 0.458333 0.411523 0.461806 0.405864 0.461806 0.401749 0.462384 0.401235 0.462384 0.396605 0.462963 0.396091 0.462963 0.394547 0.463542 0.394033 0.463542 0.393004 0.464120 0.392490 0.464120 0.390947 0.464699 0.390432 0.464699 0.389403 0.465278 0.388889 0.465278 0.387346 0.465856 0.386831 0.465856 0.385288 0.466435 0.384774 0.466435 0.383230 0.467014 0.382716 0.467014 0.380144 0.467593 0.379630 0.467593 0.377572
0 0.424769 0.354424 0.423611 0.355453 0.423611 0.357510 0.423032 0.358025 0.423032 0.359568 0.422454 0.360082 0.422454 0.361111 0.424769 0.364712 0.424769 0.375000 0.425347 0.375514 0.425347 0.378086 0.425926 0.378601 0.425926 0.381173 0.426505 0.381687 0.426505 0.383745 0.427083 0.384259 0.427083 0.385802 0.427662 0.386317 0.427662 0.388374 0.428241 0.388889 0.428241 0.390947 0.428819 0.391461 0.428819 0.393004 0.429398 0.393519 0.429398 0.395576 0.429977 0.396091 0.429977 0.397634 0.430556 0.398148 0.430556 0.400206 0.431134 0.400720 0.431134 0.401749 0.432870 0.401749 0.433449 0.402263 0.434028 0.401749 0.434606 0.401749 0.434606 0.400206 0.434028 0.399691 0.434028 0.396605 0.433449 0.396091 0.433449 0.393519 0.432870 0.393004 0.432870 0.389918 0.432292 0.389403 0.432292 0.384259 0.432870 0.383745 0.432870 0.379630 0.432292 0.379115 0.432292 0.377572 0.431713 0.377058 0.431713 0.373457 0.432292 0.372942 0.432292 0.368827 0.431713 0.368313 0.431713 0.366255 0.431134 0.366255 0.429977 0.365226 0.428819 0.365226 0.427662 0.363683 0.427662 0.362140 0.427083 0.361626 0.427083 0.357510
