0 0.108218 0.905147 0.108218 0.905572 0.112269 0.906316 0.112269 0.906423 0.113426 0.906635 0.113426 0.906742 0.114005 0.906848 0.114005 0.906954 0.116898 0.907486 0.117477 0.907486 0.118056 0.907593 0.118634 0.907593 0.119792 0.907805 0.120370 0.907805 0.120949 0.907912 0.121528 0.907912 0.122685 0.908124 0.123264 0.908124 0.125579 0.908550 0.126157 0.908550 0.127315 0.908762 0.127894 0.908656 0.129630 0.908656 0.130208 0.908550 0.131944 0.908550 0.132523 0.908443 0.134259 0.908443 0.134259 0.907805 0.130787 0.907805 0.129630 0.907593 0.129051 0.907593 0.128472 0.907486 0.127894 0.907486 0.126736 0.907274 0.126157 0.907274 0.125000 0.907061 0.124421 0.907061 0.122106 0.906635 0.121528 0.906635 0.119792 0.906316 0.119213 0.906316 0.118056 0.906104 0.117477 0.906104 0.116319 0.905891 0.115741 0.905891 0.109954 0.904828
0 0.410301 0.826670 0.409722 0.826776 0.408565 0.826776 0.408565 0.826882 0.407986 0.826989 0.407986 0.827095 0.407407 0.827201 0.407407 0.827308 0.406829 0.827414 0.406829 0.827520 0.406250 0.827627 0.406250 0.827733 0.405093 0.827946 0.405093 0.828052 0.403935 0.828265 0.403935 0.828371 0.402199 0.828690 0.402199 0.828796 0.399884 0.829222 0.399884 0.829328 0.395255 0.830179 0.395833 0.830285 0.395833 0.830391 0.396412 0.830285 0.399884 0.830285 0.400463 0.830179 0.401620 0.830179 0.402199 0.830072 0.403356 0.830072 0.403935 0.829966 0.403935 0.829860 0.404514 0.829753 0.404514 0.829647 0.405671 0.829434 0.405671 0.829328 0.406829 0.829115 0.406829 0.829009 0.407986 0.828796 0.407986 0.828690 0.408565 0.828584 0.408565 0.828477 0.409144 0.828371 0.409144 0.828265 0.409722 0.828158 0.409722 0.827946 0.410301 0.827839 0.410301 0.827627 0.410880 0.827520 0.410880 0.827414 0.411458 0.827308 0.411458 0.826882
0 0.326968 0.813803 0.326968 0.814015 0.327546 0.814122 0.327546 0.814334 0.328125 0.814441 0.328125 0.814547 0.329282 0.814760 0.329861 0.814760 0.331019 0.814972 0.332755 0.814972 0.333333 0.814866 0.333333 0.814760 0.333912 0.814653 0.333333 0.814547 0.332755 0.814547 0.330440 0.814122 0.329861 0.814122 0.328125 0.813803
0 0.311921 0.814334 0.309028 0.813803 0.307870 0.813803 0.305556 0.813590 0.304977 0.813696 0.300926 0.813696 0.302083 0.814015 0.301505 0.814228 0.299190 0.814015 0.297454 0.814015 0.295139 0.814334 0.294560 0.814334 0.293981 0.814653 0.296875 0.815079 0.296296 0.815185 0.294560 0.815185 0.293403 0.814866 0.292245 0.814866 0.291667 0.814760 0.287616 0.815717 0.285880 0.815717 0.285301 0.815610 0.285301 0.815398 0.287616 0.814760 0.287037 0.814760 0.285880 0.814547 0.284144 0.814760 0.280093 0.814760 0.279514 0.814653 0.278356 0.814760 0.278935 0.815504 0.280093 0.815610 0.277778 0.816142 0.276042 0.816142 0.276042 0.816355 0.276620 0.816461 0.276620 0.816780 0.278356 0.816780 0.279514 0.816567 0.280671 0.816780 0.280671 0.816886 0.278356 0.817205 0.276620 0.817312 0.277778 0.817843 0.278356 0.817737 0.279514 0.817737 0.280093 0.817631 0.281250 0.817631 0.283565 0.817418 0.285301 0.817418 0.285880 0.817312 0.287037 0.817312 0.287616 0.817205 0.290509 0.817099 0.295139 0.816674 0.296296 0.816674 0.298611 0.816248 0.299190 0.816248 0.300926 0.815929 0.302662 0.815823 0.303819 0.815610 0.306134 0.815398 0.307292 0.815398 0.309028 0.815185 0.310185 0.815185 0.311343 0.814972 0.311921 0.814972 0.312500 0.814866
0 0.273148 0.804445 0.270833 0.804232 0.267940 0.804339 0.268519 0.804977 0.267940 0.805296 0.265625 0.805189 0.262153 0.804658 0.258681 0.805189 0.259838 0.805402 0.258681 0.805615 0.255787 0.805721 0.254630 0.806040 0.255787 0.806465 0.257523 0.806572 0.255787 0.806891 0.252315 0.806359 0.250000 0.806572 0.248843 0.806891 0.250579 0.807422 0.248843 0.807741 0.245370 0.806891 0.243056 0.806784 0.241898 0.806997 0.241319 0.807635 0.245370 0.808167 0.244213 0.808486 0.240741 0.807848 0.237847 0.807741 0.236690 0.807954 0.236690 0.808592 0.239005 0.809549 0.236690 0.809655 0.236111 0.809868 0.235532 0.811251 0.237847 0.811676 0.244792 0.811038 0.249421 0.811038 0.252315 0.810506 0.256944 0.810506 0.260417 0.811038 0.262153 0.811038 0.264468 0.811676 0.264468 0.812314 0.266782 0.812314 0.266782 0.812101 0.268519 0.811782 0.269676 0.812101 0.269097 0.812314 0.271412 0.812420 0.273148 0.812314 0.274306 0.811889 0.277199 0.811995 0.278935 0.812420 0.278935 0.812739 0.277778 0.813058 0.278356 0.813165 0.278935 0.813058 0.280093 0.813377 0.281829 0.813058 0.282407 0.812527 0.280093 0.811889 0.281829 0.811463 0.284144 0.811357 0.284722 0.811038 0.281829 0.810187 0.280093 0.809974 0.280671 0.809655 0.279514 0.809336 0.277199 0.809336 0.276042 0.809762 0.274306 0.809762 0.273148 0.809549 0.272569 0.809230 0.273148 0.808698 0.270255 0.808805 0.267940 0.808167 0.268519 0.807529 0.269676 0.807316 0.269097 0.806997 0.265625 0.806891 0.264468 0.806678 0.272569 0.805508
0 0.304398 0.798384 0.303819 0.798384 0.303241 0.798490 0.302662 0.798490 0.302083 0.798596 0.301505 0.798596 0.300926 0.798703 0.300347 0.798703 0.299190 0.798915 0.298032 0.798915 0.297454 0.799022 0.297454 0.799128 0.296875 0.799234 0.296875 0.799341 0.296296 0.799447 0.297454 0.799447 0.298032 0.799553 0.299769 0.799553 0.300926 0.799341 0.301505 0.799341 0.302662 0.799128 0.303241 0.799128 0.304398 0.798915 0.304977 0.798915 0.304977 0.798596 0.304398 0.798490
0 0.601273 0.794024 0.600116 0.793811 0.595486 0.793917 0.592593 0.794130 0.590856 0.794449 0.587384 0.794556 0.583333 0.794981 0.575231 0.795300 0.574653 0.795406 0.571759 0.795406 0.571181 0.795194 0.574074 0.794768 0.576968 0.794662 0.578704 0.794449 0.581597 0.794343 0.585069 0.794024 0.586806 0.794024 0.589120 0.793811 0.589120 0.793598 0.587384 0.793492 0.583333 0.793492 0.582755 0.793598 0.579861 0.793598 0.576389 0.793917 0.572917 0.793917 0.566551 0.794768 0.561343 0.795725 0.560764 0.796151 0.557292 0.797214 0.548611 0.798490 0.547454 0.798809 0.547454 0.799234 0.548611 0.799553 0.551505 0.799553 0.555556 0.799234 0.561921 0.798171 0.563079 0.798065 0.565972 0.798065 0.568287 0.797852 0.572338 0.797001 0.583333 0.795938 0.586806 0.795832 0.589120 0.795513 0.592593 0.795300 0.594907 0.794981 0.598958 0.794662 0.601273 0.794343
0 0.796875 0.790408 0.795718 0.790621 0.795718 0.790727 0.789352 0.791897 0.789352 0.792003 0.788194 0.792216 0.788194 0.792322 0.787616 0.792429 0.787616 0.792641 0.787037 0.792748 0.787037 0.792854 0.788194 0.792854 0.788773 0.792960 0.791667 0.792429 0.791667 0.792322 0.792245 0.792216 0.792245 0.792110 0.792824 0.792003 0.792824 0.791897 0.794560 0.791578 0.795139 0.791578 0.796296 0.791365 0.796875 0.791365 0.799190 0.790940 0.798032 0.790727 0.798032 0.790621
0 0.671875 0.783603 0.671875 0.783709 0.671296 0.783815 0.672454 0.783815 0.673032 0.783922 0.673032 0.784134 0.674190 0.784347 0.674769 0.784347 0.675347 0.784453 0.675926 0.784453 0.676505 0.784560 0.677083 0.784560 0.677662 0.784666 0.678241 0.784666 0.678819 0.784772 0.679977 0.784772 0.681134 0.784560 0.681134 0.784453 0.678819 0.784028 0.678819 0.783922 0.678241 0.783815 0.678241 0.783709 0.677662 0.783603 0.677662 0.783496 0.677083 0.783496 0.675926 0.783284 0.674769 0.783284 0.674190 0.783390 0.673611 0.783390 0.672454 0.783603
0 0.715278 0.780094 0.714699 0.780094 0.714120 0.779987 0.712963 0.779987 0.712384 0.779881 0.711806 0.779987 0.711227 0.779987 0.710648 0.780094 0.709491 0.780094 0.708912 0.780200 0.708333 0.780200 0.707755 0.780306 0.707176 0.780306 0.706597 0.780413 0.706019 0.780413 0.705440 0.780519 0.704861 0.780519 0.704282 0.780625 0.703125 0.780625 0.702546 0.780732 0.701968 0.780732 0.700810 0.780944 0.700810 0.781051 0.699653 0.781263 0.699653 0.781370 0.696759 0.781901 0.696181 0.781901 0.695602 0.782008 0.695023 0.782008 0.694444 0.782114 0.693866 0.782114 0.692708 0.782327 0.692130 0.782327 0.692130 0.782433 0.691551 0.782539 0.692130 0.782646 0.692130 0.782752 0.693287 0.782752 0.693866 0.782858 0.694444 0.782752 0.695023 0.782752 0.695602 0.782646 0.696181 0.782646 0.696759 0.782539 0.697338 0.782539 0.698495 0.782327 0.699074 0.782327 0.700810 0.782008 0.701389 0.782008 0.701968 0.781901 0.702546 0.781901 0.703125 0.781795 0.703704 0.781795 0.704861 0.781582 0.705440 0.781582 0.706597 0.781370 0.707176 0.781370 0.708333 0.781157 0.708912 0.781157 0.711227 0.780732 0.711806 0.780732 0.712384 0.780625 0.713542 0.780625 0.714120 0.780519 0.714699 0.780519 0.714699 0.780306 0.715278 0.780200
0 0.697917 0.780200 0.697338 0.780200 0.696181 0.779987 0.695023 0.779987 0.694444 0.779881 0.693287 0.780094 0.692708 0.780094 0.692130 0.780200 0.691551 0.780200 0.686343 0.781157 0.686343 0.781263 0.685764 0.781370 0.685764 0.781689 0.688079 0.781689 0.690972 0.781157 0.691551 0.781157 0.692708 0.780944 0.694444 0.780944 0.695023 0.780838 0.695602 0.780838 0.697917 0.780413
0 0.790509 0.769779 0.789352 0.769991 0.788194 0.769991 0.787616 0.770098 0.787037 0.770098 0.786458 0.769991 0.785880 0.770098 0.785880 0.770311 0.785301 0.770417 0.785301 0.770523 0.786458 0.770736 0.786458 0.770842 0.787037 0.770949 0.787037 0.771055 0.788194 0.771268 0.788194 0.771374 0.788773 0.771480 0.789352 0.771374 0.789931 0.771374 0.790509 0.771268 0.791088 0.771268 0.791088 0.771055 0.791667 0.770949 0.791667 0.770842 0.791088 0.770736 0.791088 0.770417 0.791667 0.770311 0.791667 0.769885 0.791088 0.769885
0 0.768519 0.768503 0.767940 0.768609 0.767940 0.768928 0.767361 0.769034 0.768519 0.769247 0.769097 0.769247 0.769676 0.769353 0.769676 0.769460 0.770255 0.769460 0.770833 0.769566 0.772569 0.769566 0.774306 0.769247 0.772569 0.768928 0.770833 0.768928 0.770255 0.768822 0.770255 0.768609 0.769676 0.768503
0 0.772569 0.768077 0.771412 0.768290 0.771412 0.768503 0.771991 0.768609 0.771991 0.768715 0.773148 0.768715 0.773727 0.768822 0.775463 0.768822 0.776042 0.768715 0.776042 0.768503 0.775463 0.768503 0.774884 0.768396 0.774306 0.768503 0.773727 0.768396 0.773727 0.768184 0.773148 0.768077
0 0.802662 0.765206 0.799769 0.764994 0.794560 0.765100 0.792824 0.764675 0.788194 0.764568 0.781250 0.765525 0.778356 0.765632 0.777778 0.765419 0.780671 0.765100 0.777199 0.764568 0.773727 0.764568 0.755787 0.766057 0.743056 0.766376 0.740162 0.766908 0.740741 0.767439 0.744792 0.767758 0.750579 0.767333 0.751736 0.767758 0.749421 0.768290 0.746528 0.768503 0.746528 0.769141 0.726852 0.771055 0.719329 0.771374 0.670139 0.775627 0.663194 0.776584 0.663194 0.777435 0.666088 0.777754 0.693866 0.774883 0.701968 0.774351 0.715856 0.772863 0.729745 0.771799 0.735532 0.771587 0.745949 0.770204 0.756944 0.769460 0.778935 0.766908 0.781829 0.767014 0.789352 0.765951 0.792824 0.765738 0.798611 0.765844
0 0.835069 0.749787 0.831019 0.749575 0.809606 0.751914 0.800926 0.753403 0.793981 0.752765 0.792245 0.752977 0.796875 0.753828 0.793403 0.754041 0.787037 0.753509 0.785301 0.753722 0.790509 0.754573 0.788194 0.754892 0.781829 0.754041 0.780093 0.754254 0.784722 0.755211 0.781829 0.755636 0.776620 0.754892 0.773727 0.755211 0.777778 0.756168 0.775463 0.756487 0.769676 0.755742 0.766782 0.756061 0.771412 0.757018 0.768519 0.757231 0.764468 0.756487 0.759838 0.756806 0.763889 0.757550 0.755787 0.758082 0.748264 0.759039 0.744792 0.758720 0.740741 0.759145 0.743634 0.759464 0.740162 0.759996 0.735532 0.759677 0.729167 0.760527 0.728588 0.761059 0.722801 0.761059 0.723380 0.761803 0.717593 0.761697 0.718750 0.762335 0.717014 0.762654 0.714699 0.762335 0.711227 0.762654 0.713542 0.763186 0.712384 0.763399 0.705440 0.763186 0.704861 0.763824 0.708912 0.764249 0.707176 0.764675 0.701389 0.763930 0.698495 0.764249 0.703125 0.765100 0.701389 0.765525 0.693287 0.764887 0.691551 0.765100 0.696759 0.765951 0.684606 0.767546 0.681713 0.767333 0.679398 0.767652 0.680556 0.768184 0.666667 0.769991 0.663194 0.770098 0.662616 0.770630 0.664352 0.770949 0.669560 0.770842 0.672454 0.771374 0.677083 0.771268 0.704282 0.767758 0.708912 0.768396 0.721644 0.766801 0.725694 0.767014 0.739005 0.765206 0.741319 0.764249 0.759259 0.762335 0.760417 0.761272 0.808449 0.755742 0.822917 0.754466 0.821181 0.752871 0.824074 0.752339 0.835069 0.751595
0 0.296296 0.139090 0.286458 0.139515 0.284144 0.140366 0.280093 0.138877 0.276042 0.140259 0.261574 0.140366 0.262153 0.141217 0.259838 0.141429 0.262153 0.142067 0.260417 0.142386 0.261574 0.143875 0.259259 0.144300 0.261574 0.145683 0.258102 0.146746 0.253472 0.146746 0.258102 0.147916 0.259838 0.151425 0.249421 0.151744 0.250579 0.154934 0.244792 0.158018 0.244213 0.160570 0.234954 0.161208 0.235532 0.161633 0.241898 0.162059 0.241319 0.164930 0.238426 0.165355 0.229167 0.172480 0.230903 0.174819 0.226852 0.176095 0.225694 0.180774 0.228009 0.181519 0.235532 0.182050 0.241319 0.183539 0.241898 0.184177 0.237269 0.184709 0.244213 0.185134 0.244792 0.187580 0.240162 0.188111 0.245370 0.188324 0.250000 0.189281 0.252894 0.191727 0.258681 0.192471 0.262153 0.188749 0.273727 0.187580 0.272569 0.182901 0.267940 0.180880 0.264468 0.180455 0.263889 0.178009 0.260995 0.176946 0.262153 0.175457 0.259838 0.175032 0.264468 0.171842 0.262731 0.170034 0.266782 0.168333 0.265625 0.167376 0.268519 0.166950 0.273148 0.167163 0.276042 0.166312 0.281250 0.166738 0.289352 0.165993 0.289352 0.164504 0.295139 0.163973 0.298032 0.162803 0.296296 0.162165 0.298032 0.161846 0.296875 0.156742 0.298611 0.155678 0.294560 0.153977 0.295139 0.151957 0.292824 0.151638 0.293981 0.150043 0.291667 0.149192 0.294560 0.146746 0.295139 0.141429 0.298611 0.141004
0 0.026042 0.115483 0.001157 0.116759 0.001157 0.129200 0.012153 0.145470 0.012153 0.148766 0.004051 0.149936 0.009259 0.150574 0.005787 0.154509 0.010995 0.175351 0.017361 0.180030 0.033565 0.182795 0.039931 0.182688 0.047454 0.180987 0.060185 0.180136 0.068866 0.174500 0.070023 0.170353 0.056134 0.164930 0.047454 0.158762 0.044560 0.153552 0.038773 0.151319 0.021412 0.149192 0.034144 0.146746 0.041667 0.147171 0.043981 0.145470 0.049769 0.145470 0.050926 0.144726 0.058449 0.144407 0.060185 0.142918 0.053819 0.142386 0.059606 0.142174 0.061343 0.141004 0.056713 0.140472 0.059606 0.139940 0.056713 0.139621 0.060185 0.139302 0.054977 0.138558 0.060185 0.137601 0.056713 0.136219 0.060185 0.135687 0.056713 0.135262 0.059606 0.134517 0.056713 0.134411 0.060764 0.134198 0.060764 0.132816 0.055556 0.132497 0.059028 0.132071 0.055556 0.131327 0.060764 0.130795 0.054977 0.130051 0.053819 0.127393 0.059028 0.126010 0.051505 0.125798 0.057870 0.125372 0.057870 0.124628 0.053819 0.124415 0.061343 0.123564 0.059028 0.123033 0.052662 0.123245 0.061343 0.122288 0.060185 0.121757 0.054977 0.121757 0.060185 0.121438 0.060764 0.120481 0.052662 0.119736 0.045718 0.119843 0.042245 0.118248 0.037037 0.118354 0.035880 0.116652 0.030093 0.116759
0 0.263889 0.103786 0.241319 0.102829 0.222801 0.103360 0.203704 0.107507 0.207176 0.108039 0.201389 0.109634 0.199653 0.111761 0.203704 0.112399 0.197917 0.113143 0.199074 0.115695 0.192708 0.117397 0.196759 0.118460 0.186921 0.128881 0.138889 0.157274 0.113426 0.178860 0.104745 0.181412 0.102431 0.185028 0.090856 0.185666 0.093171 0.188643 0.097801 0.189281 0.097801 0.191089 0.092014 0.191621 0.115162 0.191940 0.134259 0.185666 0.133102 0.184709 0.148727 0.181519 0.144097 0.180880 0.158565 0.178009 0.166667 0.178222 0.181713 0.173862 0.184028 0.174926 0.178241 0.176521 0.184606 0.177052 0.206019 0.169290 0.203125 0.168758 0.210069 0.167376 0.207755 0.166631 0.212963 0.166312 0.208912 0.164717 0.220486 0.163441 0.234954 0.152382 0.236111 0.154828 0.240741 0.155466 0.247685 0.149405 0.245949 0.142067 0.254051 0.141323 0.250579 0.139728 0.259838 0.139196 0.256944 0.136006 0.259259 0.133986 0.265625 0.133454 0.259259 0.132178 0.266204 0.131433 0.260995 0.130795 0.259259 0.121863 0.254051 0.120374 0.256944 0.116227 0.263310 0.115908 0.258102 0.114951 0.263310 0.113037 0.248264 0.112505 0.251736 0.112186 0.249421 0.109741 0.253472 0.109315 0.243056 0.107614 0.234375 0.107614 0.232060 0.106657 0.264468 0.105912
0 0.115741 0.088792 0.115162 0.088792 0.114583 0.088898 0.101273 0.088898 0.101273 0.089005 0.100694 0.089111 0.100694 0.089324 0.100116 0.089430 0.100116 0.089749 0.099537 0.089855 0.099537 0.090068 0.098958 0.090174 0.098958 0.090600 0.098380 0.090706 0.098380 0.091344 0.097801 0.091450 0.097801 0.092620 0.098380 0.092514 0.101273 0.092514 0.101852 0.092620 0.102431 0.092620 0.103588 0.092833 0.103588 0.092939 0.104167 0.093046 0.104167 0.093152 0.103009 0.093365 0.102431 0.093365 0.100694 0.093684 0.105324 0.093684 0.105903 0.093790 0.107639 0.093471 0.106481 0.093152 0.106481 0.093046 0.107060 0.092939 0.107060 0.092833 0.108218 0.092620 0.109954 0.092620 0.110532 0.092514 0.112269 0.092514 0.112269 0.092407 0.113426 0.092088 0.113426 0.091663 0.114005 0.091557 0.114005 0.090174 0.113426 0.090068 0.113426 0.089643 0.114583 0.089430 0.114583 0.089111
