0 0.192130 0.946939 0.191551 0.947194 0.190972 0.947194 0.189815 0.947704 0.189815 0.947959 0.189236 0.948214 0.189236 0.948724 0.188657 0.948980 0.188657 0.951276 0.189236 0.951020 0.190394 0.951020 0.190972 0.950765 0.192708 0.950765 0.193287 0.951020 0.194444 0.951020 0.195023 0.951276 0.195023 0.951786 0.195602 0.952041 0.195602 0.952296 0.196181 0.952551 0.197338 0.952551 0.197917 0.952806 0.197917 0.952551 0.198495 0.952296 0.197917 0.952041 0.197917 0.951786 0.195023 0.950510 0.195023 0.949745 0.195602 0.949490 0.197338 0.949490 0.197917 0.949745 0.198495 0.949490 0.198495 0.948214 0.197338 0.948214 0.196759 0.947959 0.195602 0.947959 0.195023 0.947704 0.195023 0.947449 0.194444 0.947194 0.193866 0.947194 0.193287 0.946939
0 0.241319 0.916327 0.241319 0.917857 0.240741 0.918112 0.240741 0.918878 0.241319 0.919133 0.241319 0.920153 0.241898 0.920408 0.241898 0.920918 0.242477 0.921173 0.242477 0.921429 0.243056 0.921173 0.243634 0.921173 0.243634 0.920918 0.244213 0.920663 0.244213 0.919388 0.243634 0.919133 0.243634 0.916837 0.243056 0.916582 0.243056 0.916327
0 0.308449 0.911735 0.308449 0.912500 0.309028 0.912755 0.309028 0.915561 0.309606 0.915816 0.309606 0.917092 0.310185 0.917347 0.310185 0.918367 0.310764 0.918622 0.310764 0.919388 0.311921 0.920153 0.311921 0.921939 0.312500 0.922194 0.312500 0.922704 0.313079 0.922959 0.313657 0.923724 0.314815 0.924235 0.314815 0.925255 0.315394 0.925510 0.315394 0.925765 0.315972 0.926020 0.315972 0.926531 0.316551 0.926786 0.316551 0.927551 0.315972 0.927806 0.315972 0.928061 0.316551 0.928316 0.316551 0.928571 0.317708 0.929082 0.318287 0.929847 0.320602 0.930867 0.321181 0.930612 0.321181 0.930357 0.322917 0.929592 0.323495 0.929592 0.321759 0.928827 0.321181 0.928827 0.320602 0.928571 0.320602 0.927551 0.320023 0.927296 0.320023 0.926786 0.318866 0.926020 0.318866 0.924745 0.318287 0.924745 0.317130 0.924235 0.317130 0.923724 0.316551 0.923469 0.316551 0.922704 0.315972 0.922449 0.315972 0.921939 0.316551 0.921684 0.316551 0.921429 0.315972 0.921173 0.315972 0.920918 0.314815 0.920408 0.314815 0.918878 0.314236 0.918622 0.314236 0.916071 0.313657 0.915816 0.313657 0.914541 0.313079 0.914286 0.313079 0.913265 0.312500 0.913010 0.312500 0.912500 0.311921 0.912245 0.311921 0.911735
0 0.197917 0.905357 0.197917 0.905612 0.197338 0.905867 0.197338 0.906122 0.197917 0.906378 0.197917 0.906888 0.198495 0.907143 0.198495 0.907653 0.199074 0.907908 0.199074 0.908163 0.199653 0.908418 0.199653 0.908929 0.200231 0.909184 0.200231 0.909694 0.200810 0.909694 0.201389 0.909949 0.201389 0.910204 0.204861 0.911735 0.207176 0.911735 0.207176 0.911480 0.206019 0.910969 0.206019 0.910714 0.205440 0.910459 0.205440 0.910204 0.203704 0.909439 0.203704 0.907398 0.201389 0.906378 0.201389 0.906122 0.200810 0.905867 0.200810 0.905612 0.200231 0.905357 0.200231 0.905102 0.199653 0.905357
0 0.667824 0.465051 0.667824 0.465306 0.669560 0.465306 0.670139 0.465561 0.671296 0.465561 0.671875 0.465816 0.673032 0.465816 0.673611 0.466071 0.674769 0.466071 0.675347 0.466327 0.676505 0.466327 0.677083 0.466582 0.678241 0.466582 0.678819 0.466837 0.679398 0.466837 0.679977 0.467092 0.681134 0.467092 0.681713 0.467347 0.682870 0.467347 0.684606 0.466582 0.683449 0.466582 0.682870 0.466327 0.680556 0.466327 0.679977 0.466071 0.678241 0.466071 0.677662 0.465816 0.677083 0.465816 0.676505 0.465561 0.675347 0.465561 0.674769 0.465306 0.674190 0.465306 0.673611 0.465051 0.673032 0.465051 0.672454 0.464796 0.671875 0.464796 0.671296 0.464541 0.670718 0.464541 0.670139 0.464286 0.669560 0.464286 0.668981 0.464031 0.668981 0.464286 0.668403 0.464541 0.668403 0.464796
0 0.668403 0.463010 0.667245 0.462500 0.666667 0.462755 0.664931 0.462755 0.664352 0.463010 0.663194 0.463010 0.662616 0.463265 0.660880 0.463265 0.660301 0.463520 0.659144 0.463520 0.659144 0.464541 0.661458 0.464541 0.662037 0.464286 0.664352 0.464286 0.664931 0.464031 0.667824 0.464031 0.667824 0.463520 0.668403 0.463265
0 0.689236 0.453061 0.686921 0.453061 0.686343 0.453316 0.679398 0.453316 0.678819 0.453061 0.678241 0.453061 0.677662 0.452806 0.677083 0.453061 0.673032 0.453061 0.672454 0.453316 0.667824 0.453316 0.667245 0.453571 0.666667 0.453571 0.666088 0.453827 0.664931 0.453827 0.664352 0.454082 0.661458 0.454082 0.661458 0.454592 0.660880 0.454847 0.660880 0.456888 0.661458 0.457143 0.661458 0.457908 0.662037 0.458163 0.662037 0.458418 0.673032 0.458418 0.673611 0.458163 0.674190 0.458163 0.674769 0.457908 0.675347 0.457908 0.675926 0.457653 0.676505 0.457653 0.677083 0.457398 0.677662 0.457398 0.678241 0.457143 0.678819 0.457143 0.679398 0.456888 0.680556 0.456888 0.681134 0.456633 0.681713 0.456633 0.682292 0.456378 0.683449 0.456378 0.684028 0.456122 0.685185 0.456122 0.686343 0.455612 0.686343 0.455357 0.688079 0.454592 0.688079 0.454337 0.688657 0.454082 0.688657 0.453571 0.689236 0.453316
0 0.710069 0.448214 0.710069 0.448724 0.712963 0.448724 0.715278 0.449745 0.715856 0.449490 0.725116 0.449490 0.725694 0.449745 0.726852 0.449745 0.727431 0.450000 0.728588 0.450000 0.729167 0.450255 0.730324 0.450255 0.730903 0.450510 0.732060 0.450510 0.734954 0.451786 0.735532 0.451786 0.737269 0.452296 0.741319 0.452296 0.741898 0.452041 0.743634 0.452041 0.744213 0.451786 0.746528 0.451786 0.747106 0.451531 0.747685 0.451531 0.748264 0.451276 0.751157 0.450765 0.752894 0.449490 0.752894 0.449235 0.752315 0.448980 0.752315 0.448214 0.751736 0.447959 0.751736 0.447449 0.750579 0.447449 0.748843 0.446939 0.745949 0.446939 0.742477 0.445408 0.740162 0.445408 0.739583 0.445153 0.737847 0.445153 0.737269 0.444898 0.733796 0.444898 0.733218 0.444643 0.730324 0.444643 0.729745 0.444388 0.726273 0.444388 0.725694 0.444133 0.722801 0.444133 0.721065 0.443622 0.721065 0.442857 0.718171 0.442857 0.714120 0.443878 0.712963 0.443878 0.712384 0.444133 0.711806 0.444133 0.711806 0.445918 0.711227 0.446173 0.711227 0.446684 0.710648 0.446939 0.710648 0.447959
0 0.792245 0.433673 0.790509 0.432398 0.785301 0.431122 0.781250 0.430612 0.774884 0.429082 0.771412 0.429082 0.770833 0.428827 0.767361 0.428827 0.766782 0.428571 0.762731 0.428571 0.762153 0.428316 0.759259 0.428827 0.756944 0.428827 0.755787 0.430102 0.755787 0.430867 0.755208 0.431122 0.754630 0.433163 0.753472 0.434184 0.751736 0.434949 0.747685 0.435969 0.745370 0.436990 0.736111 0.439796 0.733218 0.440306 0.730324 0.441327 0.728588 0.441327 0.726852 0.442857 0.727431 0.442602 0.734375 0.442347 0.734954 0.442092 0.737847 0.442092 0.740741 0.441582 0.743056 0.441582 0.750000 0.439796 0.754051 0.441327 0.757523 0.439796 0.756944 0.438520 0.758681 0.438010 0.763310 0.437500 0.766782 0.436480 0.768519 0.436480 0.771412 0.435969 0.780671 0.435714 0.784722 0.433929 0.785880 0.432908 0.788194 0.432908
0 0.318866 0.426531 0.318866 0.427296 0.318287 0.427551 0.318287 0.428316 0.318866 0.428571 0.318866 0.428827 0.319444 0.429082 0.320023 0.429847 0.321759 0.430102 0.322917 0.430612 0.323495 0.430612 0.324074 0.430867 0.324653 0.430612 0.328125 0.431633 0.329282 0.431633 0.331019 0.432143 0.332176 0.432143 0.332755 0.432398 0.333912 0.432398 0.335648 0.432908 0.336806 0.432908 0.337963 0.433418 0.337963 0.433673 0.338542 0.433929 0.339120 0.434694 0.340278 0.435204 0.340856 0.435204 0.342593 0.435714 0.347222 0.435714 0.348958 0.435204 0.352431 0.435204 0.353009 0.435459 0.355324 0.435459 0.357060 0.434694 0.355324 0.433929 0.354167 0.433929 0.353588 0.433673 0.351852 0.433418 0.350694 0.432908 0.350116 0.432908 0.349537 0.432653 0.349537 0.432398 0.350116 0.432143 0.350694 0.431378 0.347801 0.430102 0.347222 0.430102 0.345486 0.429592 0.342014 0.429592 0.341435 0.429337 0.340856 0.429337 0.339699 0.428827 0.337963 0.428827 0.337384 0.428571 0.336806 0.428827 0.335648 0.428827 0.333912 0.428316 0.332176 0.428316 0.331597 0.428061 0.328704 0.428061 0.328125 0.427806 0.326968 0.427806 0.326389 0.427551 0.324074 0.427551 0.322338 0.427041 0.321181 0.427041 0.320602 0.426786 0.319444 0.426786
0 0.252894 0.422449 0.253472 0.423214 0.255787 0.424235 0.259259 0.425000 0.261574 0.425000 0.263310 0.425510 0.264468 0.425510 0.273148 0.428061 0.277199 0.428061 0.279514 0.430102 0.283565 0.431633 0.284722 0.431633 0.286458 0.432143 0.288194 0.432143 0.288773 0.432398 0.289352 0.432143 0.291667 0.432143 0.295139 0.431122 0.297454 0.431122 0.298032 0.431378 0.304398 0.431378 0.304977 0.431633 0.305556 0.431378 0.306713 0.431378 0.307292 0.430867 0.307292 0.430102 0.308449 0.429082 0.314236 0.431122 0.315394 0.430867 0.317708 0.429592 0.315972 0.428571 0.313079 0.428571 0.311343 0.427551 0.310185 0.427551 0.303241 0.426020 0.297454 0.426020 0.296875 0.425765 0.291088 0.425510 0.290509 0.425255 0.289352 0.425255 0.285301 0.424490 0.283565 0.424490 0.282986 0.424235 0.278356 0.423724 0.276620 0.423214 0.275463 0.423214 0.273148 0.422194 0.270833 0.421684 0.267361 0.421684 0.266782 0.421429 0.261574 0.421429 0.260995 0.421173 0.254051 0.421173
0 0.608218 0.420153 0.609954 0.420918 0.611111 0.421173 0.612269 0.421173 0.615162 0.421939 0.616898 0.421939 0.617477 0.422194 0.619213 0.422194 0.619792 0.422449 0.626736 0.422449 0.630787 0.423724 0.631366 0.423724 0.632523 0.424235 0.633102 0.424235 0.635995 0.425765 0.637153 0.425765 0.638889 0.426276 0.644097 0.426276 0.646991 0.427551 0.647569 0.428316 0.649306 0.429337 0.652778 0.429337 0.653356 0.428827 0.658565 0.426531 0.660301 0.425000 0.661458 0.422704 0.662616 0.421939 0.662616 0.421429 0.661458 0.420408 0.660301 0.419898 0.656829 0.419133 0.653356 0.419133 0.652778 0.418878 0.652199 0.419133 0.640046 0.419133 0.639468 0.418878 0.633681 0.418878 0.633102 0.418622 0.631366 0.418622 0.630787 0.418367 0.629051 0.418367 0.628472 0.418112 0.627894 0.418367 0.616319 0.418367 0.615741 0.418112 0.615162 0.418367 0.613426 0.418367 0.612847 0.418622 0.610532 0.418622
0 0.557870 0.417092 0.553241 0.423214 0.553819 0.431378 0.551505 0.434184 0.554398 0.436735 0.553819 0.439286 0.556713 0.446173 0.560764 0.447194 0.561343 0.448469 0.565972 0.448724 0.580440 0.453316 0.586806 0.454592 0.591435 0.454847 0.597801 0.458418 0.596644 0.460204 0.597801 0.461224 0.604745 0.461224 0.610532 0.460204 0.613426 0.457653 0.632523 0.455612 0.641782 0.453827 0.649884 0.453827 0.676505 0.452296 0.678819 0.448724 0.678241 0.444898 0.667824 0.441837 0.667824 0.440051 0.665509 0.437755 0.659144 0.434694 0.653935 0.434184 0.626157 0.428061 0.626157 0.426531 0.624421 0.425255 0.618056 0.424235 0.598958 0.422704 0.597222 0.420918 0.585648 0.418367 0.568866 0.417092
0 0.194444 0.413776 0.193866 0.414541 0.195023 0.415051 0.195023 0.415561 0.195602 0.415816 0.195602 0.416582 0.197917 0.418367 0.197338 0.420153 0.196181 0.420918 0.196181 0.422449 0.196759 0.422959 0.199074 0.422959 0.199653 0.423214 0.201389 0.423214 0.201968 0.423469 0.206019 0.423724 0.207176 0.424490 0.207176 0.425000 0.209491 0.425510 0.210069 0.425255 0.211806 0.425255 0.215278 0.423980 0.215856 0.423469 0.215856 0.422704 0.217014 0.421939 0.219907 0.421939 0.221065 0.422194 0.222801 0.423724 0.225116 0.425000 0.228009 0.425000 0.231481 0.424235 0.232639 0.423214 0.234954 0.423214 0.235532 0.423469 0.236690 0.422449 0.237269 0.421173 0.236690 0.420918 0.236690 0.420408 0.234375 0.419643 0.228009 0.419643 0.227431 0.419388 0.225694 0.419388 0.225116 0.419133 0.222801 0.419643 0.216435 0.419643 0.214120 0.419133 0.212963 0.418622 0.212963 0.415051 0.211806 0.415051 0.210069 0.414541 0.208912 0.414541 0.206597 0.414031 0.204861 0.414031 0.202546 0.413520 0.199653 0.413520 0.199074 0.413265 0.196759 0.413265 0.196181 0.413010
0 0.358218 0.393622 0.359954 0.393878 0.361111 0.394388 0.361690 0.394388 0.362269 0.394643 0.368634 0.394643 0.369213 0.394898 0.370370 0.394898 0.372106 0.395408 0.373264 0.395408 0.373843 0.395663 0.374421 0.395663 0.375000 0.395918 0.375579 0.395918 0.376157 0.396173 0.379051 0.396684 0.380208 0.397194 0.380208 0.397449 0.381944 0.398214 0.381944 0.398469 0.382523 0.398724 0.383681 0.398724 0.384259 0.398980 0.388310 0.398980 0.388889 0.398724 0.395255 0.398724 0.397569 0.400000 0.398148 0.399745 0.401042 0.399745 0.401042 0.397449 0.399884 0.396939 0.399884 0.396429 0.399306 0.396173 0.399306 0.395408 0.396412 0.394133 0.395255 0.394133 0.393519 0.393622 0.391204 0.393622 0.390625 0.393367 0.387153 0.393367 0.386574 0.393112 0.385417 0.393112 0.384838 0.392857 0.384259 0.393112 0.384259 0.393367 0.383102 0.393878 0.381944 0.393878 0.381366 0.393622 0.380787 0.393622 0.380208 0.393367 0.379051 0.393367 0.378472 0.393112 0.377894 0.393367 0.373843 0.393367 0.373264 0.393112 0.372106 0.393112 0.371528 0.392857 0.364583 0.392857 0.364005 0.393112 0.359375 0.393112
0 0.736111 0.388776 0.732060 0.388776 0.731481 0.388520 0.730903 0.388776 0.729167 0.388776 0.729167 0.389031 0.728588 0.389286 0.728588 0.389541 0.728009 0.389796 0.728009 0.390051 0.727431 0.390306 0.727431 0.390561 0.728009 0.390816 0.728009 0.391582 0.728588 0.391837 0.728588 0.392092 0.729167 0.391837 0.733796 0.391837 0.734954 0.391327 0.735532 0.391327 0.736111 0.391071 0.736111 0.390816 0.735532 0.390561 0.735532 0.389541 0.736111 0.389286
0 0.308449 0.383673 0.304977 0.383673 0.304977 0.383929 0.304398 0.384184 0.304398 0.384439 0.302083 0.385459 0.301505 0.385459 0.299769 0.386224 0.299769 0.386480 0.298611 0.386990 0.299190 0.386990 0.299769 0.387245 0.300347 0.387245 0.300926 0.387500 0.302083 0.387500 0.302662 0.387755 0.306134 0.386224 0.306713 0.386224 0.307870 0.385714 0.308449 0.385714
0 0.140625 0.389541 0.135417 0.403571 0.138310 0.405867 0.151620 0.402296 0.156250 0.399745 0.167245 0.404337 0.171875 0.408163 0.180556 0.410714 0.251157 0.419388 0.317130 0.425255 0.414352 0.436735 0.431713 0.441582 0.443866 0.441071 0.450810 0.429592 0.447917 0.417347 0.445023 0.413776 0.417824 0.405357 0.414931 0.402806 0.403356 0.403316 0.369213 0.401020 0.349537 0.397959 0.347801 0.396429 0.308449 0.391837 0.291088 0.392347 0.271991 0.389286 0.263310 0.389541 0.246528 0.387755 0.244213 0.385969 0.251736 0.385459 0.253472 0.383929 0.245949 0.384439 0.241898 0.381378 0.239005 0.384949 0.228588 0.385969 0.175347 0.386480 0.167245 0.388520 0.142940 0.388010
0 0.344329 0.372194 0.344329 0.372959 0.346065 0.373469 0.346644 0.374745 0.348958 0.376276 0.354167 0.376276 0.357060 0.377041 0.358218 0.377041 0.358796 0.377296 0.365162 0.378061 0.369792 0.379082 0.370949 0.379082 0.376157 0.381122 0.378472 0.382653 0.380208 0.382143 0.381944 0.382143 0.391782 0.385969 0.398727 0.387755 0.400463 0.387755 0.403356 0.388265 0.405671 0.388265 0.408565 0.389286 0.409144 0.389031 0.414352 0.389031 0.412037 0.388265 0.410301 0.386480 0.394676 0.383163 0.389468 0.381633 0.380208 0.379592 0.374421 0.378827 0.372685 0.378316 0.368634 0.377806 0.364583 0.376786 0.363426 0.376786 0.358218 0.375510 0.355324 0.374490 0.353588 0.374235 0.352431 0.373724 0.350694 0.373469 0.349537 0.372959 0.346644 0.372704
0 0.398148 0.370153 0.396991 0.369643 0.396412 0.369643 0.394676 0.368878 0.394097 0.368878 0.393519 0.369133 0.389468 0.369133 0.388889 0.369388 0.388310 0.369388 0.386574 0.369898 0.385417 0.369898 0.383681 0.370408 0.381944 0.370408 0.381366 0.370663 0.379630 0.370663 0.379051 0.370918 0.379051 0.371429 0.379630 0.371684 0.379630 0.372194 0.379051 0.372449 0.377894 0.372449 0.377315 0.372704 0.375579 0.372704 0.375000 0.372959 0.373843 0.372959 0.373264 0.373214 0.372685 0.373214 0.370949 0.373724 0.369792 0.373724 0.368056 0.374235 0.362847 0.374235 0.362847 0.376020 0.363426 0.375765 0.369792 0.375765 0.370370 0.376020 0.372106 0.376020 0.372685 0.376276 0.373264 0.376020 0.377894 0.376020 0.379051 0.375510 0.379630 0.375510 0.380787 0.375000 0.381366 0.375000 0.381944 0.374745 0.383102 0.374745 0.383681 0.374490 0.385417 0.374490 0.385995 0.374235 0.387153 0.374235 0.388310 0.373724 0.388889 0.373724 0.390046 0.373214 0.390625 0.373214 0.391782 0.372704 0.392361 0.372704 0.393519 0.372194 0.394097 0.372194 0.394676 0.371939 0.394676 0.371684
0 0.333333 0.345663 0.332176 0.344898 0.331597 0.345153 0.330440 0.345153 0.329861 0.345408 0.328125 0.345408 0.327546 0.345663 0.326389 0.345663 0.325810 0.345918 0.324074 0.345918 0.323495 0.346173 0.322338 0.346173 0.321759 0.346429 0.320023 0.346429 0.319444 0.346684 0.318287 0.346684 0.317708 0.346939 0.315972 0.346939 0.315394 0.347194 0.314236 0.347194 0.313657 0.347449 0.311921 0.347449 0.311343 0.347704 0.308449 0.347704 0.307870 0.347959 0.305556 0.347959 0.304977 0.348214 0.302083 0.348214 0.301505 0.348469 0.300347 0.348469 0.299769 0.348724 0.298611 0.348724 0.298032 0.348980 0.296875 0.348980 0.296296 0.349235 0.295139 0.349235 0.294560 0.349490 0.293403 0.349490 0.293403 0.349745 0.293981 0.350000 0.293981 0.350510 0.294560 0.350765 0.294560 0.351020 0.296296 0.350255 0.296875 0.350255 0.298032 0.349745 0.300347 0.349745 0.300926 0.349490 0.303241 0.349490 0.304398 0.350000 0.304977 0.349745 0.306134 0.349745 0.306713 0.349490 0.308449 0.349490 0.309028 0.349235 0.310185 0.349235 0.310764 0.348980 0.311921 0.348980 0.312500 0.348724 0.313657 0.348724 0.314236 0.348469 0.315394 0.348469 0.315972 0.348214 0.318287 0.348214 0.318866 0.347959 0.321181 0.347959 0.321759 0.347704 0.324074 0.347704 0.324653 0.347449 0.326389 0.347449 0.326968 0.347194 0.328704 0.347194 0.329282 0.346939 0.331019 0.346939 0.331597 0.346684 0.333333 0.346684
